0 0.021573 0.210088 0.042653 0.129825
0 0.067678 0.053509 0.046105 0.064912
0 0.248028 0.031579 0.059172 0.058772
0 0.195883 0.148904 0.075197 0.145175
0 0.173323 0.325219 0.066568 0.112719
0 0.136834 0.510307 0.055720 0.089912
0 0.387204 0.080263 0.065335 0.110526
0 0.375370 0.230921 0.065335 0.083772
0 0.356139 0.405482 0.065335 0.104825
0 0.325074 0.627632 0.089004 0.152632
0 0.288585 0.928070 0.114645 0.143860
0 0.606879 0.937719 0.101824 0.124561
0 0.601085 0.648465 0.081361 0.140789
0 0.587155 0.417763 0.070759 0.110965
0 0.581731 0.225219 0.057939 0.106579
0 0.574334 0.097368 0.045118 0.076316
0 0.875986 0.939693 0.099606 0.120614
0 0.826800 0.621711 0.078156 0.145175
0 0.792899 0.392982 0.062130 0.114035
0 0.752712 0.222368 0.067554 0.108772
0 0.737179 0.066886 0.066568 0.091667
0 0.938733 0.250000 0.062377 0.110526
0 0.979043 0.419737 0.041913 0.110526
