0 0.032175 0.157456 0.063856 0.150877
0 0.094058 0.041228 0.091963 0.081579
0 0.092456 0.715132 0.048323 0.095175
0 0.193294 0.255482 0.093195 0.137281
0 0.234467 0.112719 0.057692 0.087719
0 0.268245 0.017544 0.059172 0.034211
0 0.278969 0.903070 0.090976 0.169298
0 0.322855 0.622588 0.078156 0.093421
0 0.343319 0.387281 0.078156 0.167544
0 0.363659 0.228070 0.080375 0.142982
0 0.393121 0.025000 0.075197 0.049123
0 0.564103 0.869737 0.091223 0.160526
0 0.571006 0.580702 0.049310 0.085965
0 0.562007 0.379605 0.069773 0.110965
0 0.562993 0.219518 0.069773 0.103070
0 0.562993 0.098465 0.065335 0.093421
0 0.834196 0.941447 0.099852 0.117105
0 0.795118 0.641886 0.090237 0.124123
0 0.754931 0.392982 0.082347 0.141228
0 0.721770 0.213816 0.046105 0.072368
0 0.698102 0.066886 0.065335 0.103070
0 0.973619 0.536184 0.052761 0.137281
0 0.929117 0.317763 0.062377 0.104825
0 0.879315 0.169737 0.052515 0.076316
0 0.975222 0.034430 0.049556 0.067982
