0 0.014916 0.061623 0.029339 0.059211
0 0.127712 0.031798 0.067554 0.062719
0 0.069403 0.135526 0.072732 0.087719
0 0.022436 0.256579 0.044379 0.116667
0 0.262327 0.030702 0.049310 0.053509
0 0.226455 0.095614 0.060897 0.076316
0 0.194280 0.219518 0.059172 0.083772
0 0.134246 0.383333 0.037722 0.053509
0 0.083826 0.531140 0.061144 0.078070
0 0.026997 0.742763 0.052515 0.135526
0 0.176529 0.862939 0.074951 0.146930
0 0.246918 0.616009 0.054487 0.091667
0 0.290804 0.407237 0.069773 0.108333
0 0.338388 0.251754 0.070759 0.110526
0 0.372781 0.120395 0.066568 0.091667
0 0.396820 0.044079 0.058925 0.080263
0 0.424803 0.938377 0.084813 0.122368
0 0.452046 0.672368 0.064349 0.128070
0 0.473496 0.490132 0.064349 0.114474
0 0.492850 0.332018 0.062130 0.118421
0 0.497041 0.182237 0.066568 0.104825
0 0.513807 0.083114 0.054734 0.089912
0 0.527613 0.011623 0.048323 0.022368
0 0.659517 0.903070 0.069527 0.105263
0 0.654093 0.628509 0.050296 0.066667
0 0.647189 0.257456 0.047337 0.087719
0 0.658407 0.130702 0.052515 0.066667
0 0.646696 0.037500 0.056706 0.074123
0 0.887821 0.883991 0.080375 0.127632
0 0.865385 0.643640 0.080375 0.139035
0 0.838018 0.440570 0.074951 0.114474
0 0.816568 0.295614 0.051282 0.076316
0 0.800419 0.175658 0.064349 0.095175
0 0.778969 0.087061 0.040680 0.059211
0 0.774285 0.018421 0.052515 0.035965
0 0.973619 0.308114 0.052761 0.124123
0 0.956484 0.168860 0.071746 0.123684
0 0.917406 0.074342 0.055720 0.103070
