0 0.023299 0.101316 0.045118 0.087719
0 0.130424 0.142325 0.079389 0.116228
0 0.050049 0.484430 0.068540 0.106579
0 0.027120 0.676316 0.043886 0.142982
0 0.160996 0.836404 0.061144 0.112281
0 0.209813 0.621711 0.053748 0.080263
0 0.232249 0.424342 0.068540 0.101316
0 0.256903 0.257675 0.062130 0.095175
0 0.290187 0.120395 0.049310 0.091667
0 0.346524 0.939254 0.065335 0.093421
0 0.369576 0.667544 0.066568 0.102632
0 0.391519 0.473026 0.045858 0.083772
0 0.403353 0.308114 0.061144 0.112719
0 0.409763 0.178289 0.054734 0.082018
0 0.536243 0.966228 0.061144 0.067544
0 0.549679 0.544518 0.040680 0.093421
0 0.545858 0.340570 0.056706 0.096930
0 0.565212 0.185965 0.050542 0.097368
0 0.558185 0.058333 0.053748 0.085965
0 0.744206 0.860307 0.084566 0.137281
0 0.738289 0.611404 0.083580 0.131579
0 0.722756 0.368202 0.087032 0.145175
0 0.712648 0.063158 0.057939 0.107018
0 0.927022 0.795395 0.079389 0.148684
0 0.910873 0.521711 0.081607 0.146930
0 0.884122 0.347149 0.066568 0.129386
0 0.989152 0.169737 0.021696 0.110526
0 0.975838 0.052632 0.048323 0.100877
