0 0.033531 0.146053 0.035503 0.066667
0 0.106879 0.109649 0.047091 0.066667
0 0.213511 0.100219 0.048323 0.082018
0 0.183555 0.175658 0.044132 0.068860
0 0.052145 0.517982 0.064349 0.085965
0 0.158900 0.813596 0.067308 0.120175
0 0.209320 0.616009 0.054734 0.095175
0 0.277983 0.323246 0.052515 0.100877
0 0.298323 0.233553 0.048323 0.070614
0 0.322855 0.154605 0.033284 0.041667
0 0.338511 0.065789 0.038462 0.066667
0 0.321869 0.938596 0.078156 0.122807
0 0.357865 0.702851 0.077170 0.096930
0 0.380301 0.527412 0.064349 0.104825
0 0.405449 0.374781 0.054487 0.070614
0 0.423693 0.265132 0.044132 0.072368
0 0.432199 0.156360 0.041913 0.072368
0 0.443417 0.072588 0.040680 0.057456
0 0.453649 0.018421 0.048323 0.035965
0 0.542653 0.935746 0.088757 0.128509
0 0.526627 0.709430 0.061144 0.114474
0 0.553871 0.284211 0.059911 0.095614
0 0.552268 0.207018 0.037475 0.058772
0 0.554487 0.101096 0.048323 0.072368
0 0.549679 0.027851 0.053501 0.051316
0 0.739892 0.908772 0.080375 0.150877
0 0.727071 0.664693 0.080375 0.146930
0 0.710922 0.482675 0.071746 0.114474
0 0.694403 0.335746 0.070759 0.083772
0 0.680473 0.221272 0.042899 0.080263
0 0.675049 0.118421 0.049310 0.076316
0 0.662722 0.031798 0.063116 0.062719
0 0.924310 0.792544 0.071992 0.139474
0 0.890533 0.601754 0.068540 0.116667
0 0.857865 0.439693 0.063363 0.096930
0 0.831484 0.313816 0.057939 0.093421
0 0.799926 0.191886 0.046105 0.082018
0 0.779093 0.074561 0.055720 0.076316
0 0.911982 0.079167 0.055720 0.093421
0 0.937623 0.164254 0.060158 0.114474
0 0.969428 0.255702 0.061144 0.152632
