0 0.165434 0.127851 0.037475 0.049561
0 0.085922 0.356579 0.065335 0.110526
0 0.051652 0.532237 0.058925 0.083772
0 0.200074 0.663816 0.077170 0.145175
0 0.148669 0.923026 0.098619 0.137281
0 0.259739 0.296711 0.039694 0.051316
0 0.282175 0.156360 0.046105 0.072368
0 0.441445 0.059211 0.040680 0.064912
0 0.441445 0.168860 0.040680 0.078070
0 0.432199 0.294737 0.048323 0.063158
0 0.434418 0.435088 0.075937 0.110526
0 0.425912 0.625439 0.082594 0.110526
0 0.404956 0.894518 0.070759 0.133772
0 0.646573 0.885088 0.108235 0.164035
0 0.622041 0.615132 0.063116 0.116228
0 0.598989 0.416886 0.064349 0.093421
0 0.588141 0.266228 0.057939 0.108772
0 0.708210 0.024123 0.045118 0.047368
0 0.719551 0.100219 0.052515 0.082018
0 0.734591 0.197588 0.065335 0.104825
0 0.850715 0.709430 0.089990 0.145175
0 0.902244 0.920614 0.096400 0.158772
0 0.983358 0.510088 0.033284 0.120175
0 0.949458 0.353947 0.055720 0.100877
0 0.902367 0.222368 0.055720 0.089474
0 0.865878 0.103070 0.049310 0.084211
0 0.836292 0.029825 0.061144 0.058772
