0 0.239275 0.957675 0.127465 0.084649
0 0.248891 0.582675 0.161982 0.249561
0 0.259615 0.282237 0.104043 0.202193
0 0.261834 0.063158 0.127712 0.125439
0 0.041297 0.564693 0.082101 0.259211
0 0.043393 0.240570 0.086292 0.190789
0 0.074704 0.045175 0.087771 0.089474
0 0.520094 0.125000 0.101824 0.165789
0 0.562377 0.376754 0.098619 0.154386
0 0.571499 0.758991 0.129684 0.225000
0 0.892135 0.771491 0.127465 0.230702
0 0.821869 0.424342 0.130917 0.215351
0 0.759739 0.146930 0.111686 0.217544
0 0.947855 0.050877 0.080621 0.100877
