0 0.136464 0.037281 0.065335 0.066667
0 0.086538 0.149781 0.060158 0.089912
0 0.036243 0.318640 0.062130 0.117982
0 0.265533 0.139254 0.068540 0.103070
0 0.227564 0.273904 0.084813 0.135526
0 0.185158 0.464474 0.115878 0.173684
0 0.112303 0.752412 0.128452 0.181140
0 0.467579 0.048904 0.076183 0.093421
0 0.453156 0.188816 0.062130 0.083772
0 0.439226 0.373904 0.066321 0.122368
0 0.427392 0.576096 0.081607 0.148684
0 0.386711 0.918202 0.100838 0.158333
0 0.642258 0.041228 0.067554 0.074561
0 0.650394 0.175658 0.079389 0.106579
0 0.649901 0.367982 0.063116 0.099123
0 0.670242 0.628509 0.082594 0.177193
0 0.690582 0.937719 0.125247 0.124561
0 0.945759 0.937719 0.067554 0.124561
0 0.902860 0.637061 0.099606 0.152193
0 0.853550 0.399561 0.056706 0.074561
0 0.838018 0.212719 0.081361 0.120175
0 0.813856 0.072588 0.075937 0.099561
0 0.974729 0.087719 0.050542 0.129825
