0 0.021943 0.117544 0.043393 0.085965
0 0.020833 0.641667 0.041174 0.078070
0 0.092456 0.302412 0.065582 0.093421
0 0.119329 0.170833 0.054734 0.070614
0 0.155695 0.068860 0.048077 0.064912
0 0.184048 0.020395 0.059911 0.039912
0 0.121918 0.939254 0.088018 0.101316
0 0.170118 0.700877 0.072978 0.097368
0 0.210306 0.473246 0.067554 0.099123
0 0.241987 0.296711 0.057939 0.101316
0 0.270833 0.179386 0.057939 0.087719
0 0.294502 0.072588 0.051529 0.075877
0 0.415064 0.107895 0.056953 0.074561
0 0.408777 0.208114 0.080375 0.114474
0 0.403353 0.354825 0.067554 0.118421
0 0.399038 0.514035 0.076183 0.112281
0 0.385602 0.715351 0.072978 0.144737
0 0.548077 0.038377 0.043886 0.060965
0 0.557076 0.129825 0.051529 0.084211
0 0.559295 0.252851 0.053501 0.093421
0 0.671844 0.068860 0.049310 0.057018
0 0.698102 0.151754 0.063363 0.089474
0 0.717456 0.261404 0.054734 0.072807
0 0.746918 0.396711 0.070759 0.117982
0 0.783284 0.584649 0.081361 0.139474
0 0.826677 0.816447 0.093195 0.148684
0 0.599482 0.881140 0.058925 0.091228
0 0.971524 0.588377 0.056953 0.135526
0 0.926405 0.412061 0.065335 0.117982
0 0.877589 0.250877 0.070759 0.112281
0 0.843319 0.114474 0.070759 0.129825
0 0.799433 0.038377 0.064349 0.072368
0 0.981139 0.206140 0.037722 0.087719
0 0.944157 0.088816 0.057939 0.108333
0 0.900148 0.026974 0.060158 0.053070
