0 0.027860 0.104825 0.055227 0.087719
0 0.167036 0.053509 0.064349 0.072807
0 0.145464 0.158333 0.062130 0.079825
0 0.073718 0.427193 0.053748 0.076316
0 0.036612 0.594956 0.052515 0.091667
0 0.303131 0.054386 0.057939 0.085965
0 0.284270 0.161404 0.063116 0.120175
0 0.251603 0.284211 0.075197 0.107018
0 0.225962 0.462500 0.070759 0.082018
0 0.194280 0.657018 0.073964 0.100877
0 0.151874 0.946272 0.081361 0.107456
0 0.415064 0.079386 0.071746 0.085965
0 0.424186 0.192763 0.066321 0.095175
0 0.416667 0.318421 0.066568 0.099123
0 0.411366 0.470175 0.059911 0.097368
0 0.412475 0.673246 0.068540 0.091228
0 0.397436 0.932675 0.098619 0.117982
0 0.555597 0.115570 0.058925 0.074123
0 0.550173 0.022149 0.052515 0.043421
0 0.600592 0.606579 0.069527 0.084211
0 0.609098 0.867763 0.082594 0.152193
0 0.814965 0.728509 0.084566 0.129825
0 0.783900 0.542544 0.063363 0.100877
0 0.753945 0.367325 0.067554 0.093421
0 0.724359 0.224342 0.060158 0.082018
0 0.697608 0.119298 0.051529 0.078070
0 0.683555 0.032675 0.057939 0.064474
0 0.814472 0.027851 0.064349 0.051316
0 0.841716 0.103070 0.067554 0.110526
0 0.879315 0.228947 0.058925 0.087719
0 0.928008 0.371053 0.074951 0.123684
0 0.967209 0.535965 0.065582 0.141228
