0 0.013560 0.118421 0.026627 0.053509
0 0.015039 0.298465 0.029586 0.082018
0 0.044625 0.195614 0.049310 0.085965
0 0.127835 0.034649 0.044132 0.068421
0 0.175419 0.622807 0.070759 0.108772
0 0.226948 0.451096 0.066321 0.108333
0 0.258629 0.316667 0.054734 0.087719
0 0.313240 0.122149 0.054487 0.103070
0 0.294009 0.953070 0.071746 0.093860
0 0.329882 0.715132 0.070513 0.125877
0 0.366371 0.537939 0.081361 0.137281
0 0.389916 0.377851 0.062377 0.103070
0 0.404956 0.267105 0.051529 0.084211
0 0.424186 0.154605 0.045118 0.072368
0 0.434418 0.065789 0.043886 0.066667
0 0.533531 0.944298 0.079389 0.111404
0 0.531928 0.721930 0.069773 0.108772
0 0.539448 0.523465 0.080375 0.116228
0 0.528230 0.384430 0.057939 0.101316
0 0.550173 0.083991 0.050542 0.068860
0 0.723743 0.940570 0.082594 0.118860
0 0.712032 0.709430 0.069527 0.156579
0 0.700814 0.508333 0.066321 0.112281
0 0.697608 0.349123 0.059911 0.084211
0 0.682569 0.222149 0.064349 0.104825
0 0.667653 0.125000 0.049310 0.066667
0 0.660010 0.037281 0.047337 0.066667
0 0.963881 0.963377 0.065335 0.073246
0 0.919995 0.777193 0.084566 0.128070
0 0.885602 0.596053 0.073964 0.135088
0 0.852441 0.436842 0.065335 0.107018
0 0.830991 0.309868 0.058925 0.104825
0 0.807446 0.191886 0.056706 0.093421
0 0.790804 0.104167 0.051529 0.082018
0 0.767751 0.027851 0.048323 0.047807
0 0.968812 0.267982 0.059911 0.112281
0 0.932939 0.167982 0.061144 0.091228
0 0.916790 0.079386 0.078156 0.097368
