0 0.053378 0.626754 0.088018 0.131579
0 0.108974 0.385307 0.068540 0.103070
0 0.149778 0.223246 0.053501 0.079825
0 0.168639 0.086842 0.061144 0.097368
0 0.244206 0.627412 0.089990 0.148684
0 0.267135 0.423465 0.095414 0.140789
0 0.506780 0.806798 0.089990 0.156579
0 0.487426 0.580702 0.062130 0.131579
0 0.480030 0.376974 0.064103 0.104825
0 0.469798 0.245175 0.041667 0.074561
0 0.469305 0.118421 0.045118 0.076316
0 0.721154 0.734211 0.094181 0.141228
0 0.688486 0.486404 0.106262 0.133333
0 0.651997 0.333772 0.084566 0.121930
0 0.627835 0.165132 0.057939 0.089912
0 0.614398 0.041228 0.073964 0.074561
0 0.869576 0.420614 0.061144 0.112281
0 0.821376 0.260526 0.056953 0.085965
0 0.784887 0.125219 0.046105 0.082018
0 0.756040 0.029605 0.052515 0.051316
0 0.971524 0.202412 0.052515 0.103070
0 0.908777 0.064035 0.068540 0.097368
0 0.980153 0.890789 0.039694 0.141228
