0 0.794009 0.757237 0.107249 0.217105
0 0.781188 0.444518 0.107249 0.270614
0 0.760355 0.153509 0.080375 0.165789
0 0.558185 0.834430 0.103057 0.215351
0 0.570020 0.532237 0.107002 0.213596
0 0.572732 0.244298 0.093195 0.164035
0 0.567308 0.048904 0.093195 0.096930
0 0.287599 0.709430 0.133876 0.232895
0 0.301529 0.399781 0.112426 0.192544
0 0.328279 0.113596 0.112673 0.181579
0 0.047461 0.878289 0.082594 0.207456
0 0.070513 0.546491 0.111440 0.200000
0 0.099975 0.287061 0.097387 0.181140
0 0.138437 0.070614 0.108235 0.133333
0 0.973619 0.327193 0.052761 0.192982
0 0.956484 0.087061 0.087032 0.158333
