0 0.034640 0.913377 0.052515 0.148684
0 0.035873 0.439693 0.071252 0.177632
0 0.026750 0.078509 0.053008 0.156140
0 0.207717 0.604605 0.083580 0.145175
0 0.213141 0.256579 0.083580 0.120175
0 0.232249 0.046930 0.049310 0.085965
0 0.505671 0.698904 0.152367 0.280263
0 0.489645 0.386404 0.130671 0.253509
0 0.463881 0.116447 0.139300 0.194298
0 0.849236 0.869737 0.157544 0.255263
0 0.766765 0.472149 0.136095 0.257456
0 0.709936 0.155482 0.127465 0.246053
0 0.897436 0.048904 0.106016 0.093421
0 0.957594 0.196711 0.084813 0.247807
