0 0.046967 0.208114 0.077170 0.095175
0 0.291297 0.038377 0.068787 0.075877
0 0.268738 0.153509 0.066568 0.078070
0 0.084443 0.808772 0.083580 0.133333
0 0.362056 0.647588 0.077170 0.124123
0 0.399532 0.415789 0.077170 0.144737
0 0.425296 0.234649 0.066568 0.141228
0 0.444650 0.097368 0.070759 0.099123
0 0.635355 0.680044 0.085799 0.150439
0 0.633752 0.435746 0.084566 0.139035
0 0.633259 0.256579 0.070759 0.120175
0 0.632150 0.113596 0.066568 0.093860
0 0.626849 0.024123 0.066321 0.043860
0 0.892628 0.742982 0.083580 0.154386
0 0.842332 0.472149 0.083580 0.124123
0 0.813856 0.269956 0.061144 0.101316
0 0.794502 0.111842 0.052515 0.078070
0 0.962401 0.159211 0.047091 0.078070
0 0.924310 0.041228 0.061144 0.081579
