0 0.021943 0.108991 0.043393 0.202193
0 0.203402 0.064035 0.044872 0.066667
0 0.170242 0.318640 0.070759 0.133772
0 0.111810 0.645614 0.078156 0.128070
0 0.403230 0.840132 0.131903 0.257456
0 0.414571 0.453070 0.115631 0.238596
0 0.425912 0.173684 0.108235 0.228947
0 0.729167 0.905263 0.163955 0.189474
0 0.688979 0.554167 0.134862 0.246053
0 0.663708 0.236623 0.116864 0.225000
0 0.642258 0.045175 0.110454 0.089474
0 0.884615 0.096491 0.131657 0.192105
0 0.938733 0.328947 0.113659 0.264912
0 0.965607 0.672368 0.068787 0.264912
