0 0.107495 0.951096 0.106016 0.097807
0 0.192061 0.594079 0.093195 0.139035
0 0.247904 0.352851 0.084566 0.117982
0 0.274162 0.164254 0.079389 0.125877
0 0.031065 0.410307 0.061637 0.137281
0 0.087648 0.219298 0.081607 0.129825
0 0.138067 0.064035 0.074951 0.100877
0 0.449951 0.733333 0.111440 0.204386
0 0.462771 0.460746 0.111440 0.169737
0 0.456361 0.255702 0.066568 0.121930
0 0.479906 0.132675 0.066321 0.104825
0 0.488536 0.028947 0.075197 0.057018
0 0.741494 0.653289 0.102811 0.177632
0 0.700197 0.412061 0.078402 0.140789
0 0.680966 0.223246 0.082347 0.107018
0 0.651997 0.089693 0.065335 0.095175
0 0.906558 0.289035 0.060158 0.100877
0 0.851948 0.117544 0.068787 0.097368
0 0.813363 0.032675 0.062130 0.064474
0 0.971031 0.508333 0.057939 0.146491
