0 0.085429 0.071711 0.059911 0.104825
0 0.300419 0.054605 0.090976 0.108333
0 0.275271 0.224123 0.096400 0.196491
0 0.226455 0.518860 0.112673 0.243860
0 0.181953 0.876316 0.119822 0.196491
0 0.503082 0.041228 0.071746 0.081579
0 0.494946 0.200439 0.085552 0.141228
0 0.506780 0.466228 0.115631 0.219298
0 0.520710 0.877412 0.105030 0.236404
0 0.709320 0.027851 0.094181 0.051316
0 0.719551 0.153509 0.095414 0.196491
0 0.755424 0.412939 0.109467 0.226754
0 0.817061 0.794518 0.134122 0.268860
0 0.927022 0.062281 0.115878 0.123684
0 0.956484 0.230921 0.087032 0.228509
