0 0.144724 0.041009 0.059172 0.067105
0 0.091100 0.167544 0.048077 0.064912
0 0.038955 0.328509 0.067554 0.131579
0 0.297091 0.031360 0.046351 0.051316
0 0.272313 0.140132 0.063363 0.093421
0 0.178748 0.539474 0.081361 0.094737
0 0.126726 0.771930 0.101578 0.175439
0 0.379438 0.908553 0.097633 0.181140
0 0.419872 0.596053 0.066568 0.131579
0 0.432076 0.377632 0.078156 0.121930
0 0.454512 0.135088 0.044132 0.095614
0 0.666667 0.891667 0.080375 0.120175
0 0.670242 0.587281 0.076183 0.094737
0 0.654586 0.327851 0.072978 0.130263
0 0.641519 0.138158 0.060158 0.097368
0 0.935035 0.937281 0.048077 0.092982
0 0.894724 0.616009 0.081361 0.125877
0 0.860454 0.410088 0.072978 0.110526
0 0.832594 0.215132 0.066568 0.103070
0 0.808309 0.083553 0.071746 0.103070
0 0.971031 0.066667 0.057939 0.114912
