0 0.047954 0.083114 0.085552 0.150439
0 0.018738 0.221272 0.036982 0.125877
0 0.218319 0.165132 0.083580 0.146930
0 0.254315 0.044956 0.052515 0.082018
0 0.303624 0.705702 0.082594 0.144737
0 0.359344 0.273904 0.071746 0.146930
0 0.378698 0.144079 0.069527 0.127632
0 0.572239 0.944956 0.085799 0.101316
0 0.572115 0.654167 0.075197 0.122368
0 0.560897 0.446272 0.050296 0.083772
0 0.561391 0.267105 0.060158 0.091228
0 0.556090 0.130921 0.066321 0.104825
0 0.559295 0.033553 0.072732 0.059211
0 0.819773 0.756360 0.083826 0.146930
0 0.778476 0.492105 0.076183 0.121930
0 0.737179 0.278509 0.062130 0.099123
0 0.713141 0.131579 0.041667 0.064912
0 0.858358 0.089693 0.042653 0.080263
0 0.904956 0.216447 0.063363 0.093421
0 0.954265 0.397807 0.058925 0.100877
