0 0.144477 0.087939 0.137081 0.175000
0 0.107495 0.343202 0.142505 0.225000
0 0.080128 0.692325 0.154339 0.255702
0 0.373274 0.072807 0.099606 0.144737
0 0.395340 0.321491 0.139300 0.219298
0 0.392505 0.672149 0.129684 0.257456
0 0.401627 0.965351 0.111440 0.069298
0 0.624137 0.043202 0.087032 0.085526
0 0.655202 0.256579 0.119083 0.207895
0 0.691691 0.597807 0.125493 0.207895
0 0.754438 0.920614 0.171598 0.158772
0 0.849729 0.050658 0.094428 0.096930
0 0.904956 0.274781 0.103797 0.213596
0 0.954882 0.600000 0.090237 0.264912
