0 0.039448 0.042325 0.066568 0.083772
0 0.066691 0.480702 0.050542 0.095614
0 0.025518 0.658114 0.047091 0.114474
0 0.299926 0.107018 0.051529 0.057018
0 0.251109 0.368202 0.046105 0.083772
0 0.415680 0.794298 0.072978 0.120175
0 0.429610 0.560746 0.057939 0.068860
0 0.433802 0.386404 0.053501 0.078070
0 0.435404 0.243202 0.048323 0.085526
0 0.438116 0.125877 0.051282 0.076316
0 0.441815 0.033553 0.054734 0.059211
0 0.626849 0.742763 0.081607 0.135526
0 0.613412 0.526535 0.082347 0.137281
0 0.783407 0.437719 0.064349 0.100877
0 0.751233 0.302412 0.062130 0.093421
0 0.735577 0.173684 0.058925 0.087719
0 0.711538 0.062061 0.062130 0.093421
0 0.848743 0.072588 0.053501 0.083772
0 0.885725 0.174781 0.058925 0.093421
0 0.927515 0.302412 0.067554 0.101316
0 0.972017 0.463596 0.055966 0.121930
0 0.985454 0.130702 0.029093 0.078070
0 0.949458 0.040351 0.053748 0.079825
