0 0.106879 0.040132 0.064349 0.072368
0 0.046351 0.186184 0.063116 0.093421
0 0.176036 0.456798 0.065582 0.101316
0 0.224359 0.252851 0.073964 0.093421
0 0.324581 0.903070 0.083580 0.177193
0 0.375370 0.613158 0.071746 0.097368
0 0.401257 0.370175 0.065335 0.099123
0 0.419872 0.184211 0.062130 0.123684
0 0.446129 0.054386 0.065335 0.085965
0 0.627959 0.903070 0.085799 0.181579
0 0.631164 0.600000 0.085799 0.154386
0 0.624630 0.370175 0.064349 0.099123
0 0.628452 0.209868 0.067554 0.114474
0 0.627342 0.066886 0.067308 0.114474
0 0.877219 0.730482 0.073964 0.114474
0 0.839620 0.450219 0.041667 0.072368
0 0.818171 0.248026 0.071746 0.117982
0 0.786489 0.097368 0.072978 0.091228
0 0.965607 0.134649 0.051529 0.089474
0 0.939842 0.042105 0.053748 0.072807
