0 0.044872 0.928509 0.024655 0.042105
0 0.034887 0.984211 0.021943 0.028070
0 0.009739 0.885088 0.018491 0.038596
0 0.018368 0.826974 0.026874 0.040789
0 0.027367 0.773246 0.020710 0.039474
0 0.038585 0.721711 0.017505 0.034649
0 0.047954 0.669518 0.019477 0.033772
0 0.057446 0.624781 0.019724 0.032895
0 0.066075 0.579167 0.020710 0.032018
0 0.073718 0.535088 0.020710 0.026316
0 0.079882 0.496930 0.016272 0.023684
0 0.089374 0.463816 0.018491 0.034649
0 0.094798 0.425658 0.016519 0.025877
0 0.100099 0.389474 0.017751 0.028947
0 0.107249 0.361623 0.017258 0.028509
0 0.112673 0.330044 0.017751 0.030263
0 0.120809 0.298904 0.016272 0.028509
0 0.127589 0.269737 0.015533 0.023684
0 0.137451 0.223465 0.014053 0.020614
0 0.146450 0.178509 0.014300 0.023684
0 0.150518 0.154167 0.013067 0.021491
0 0.155819 0.135746 0.014793 0.026754
0 0.159517 0.114474 0.016765 0.023684
0 0.164941 0.092544 0.014793 0.024561
0 0.171598 0.057018 0.014300 0.021930
0 0.178378 0.017544 0.012081 0.025439
0 0.021450 0.615132 0.021203 0.035526
0 0.029956 0.576316 0.018984 0.026316
0 0.038585 0.540132 0.017505 0.027632
0 0.046721 0.498246 0.017998 0.030702
0 0.053871 0.459211 0.019477 0.031579
0 0.064596 0.421053 0.017258 0.026316
0 0.072362 0.388158 0.017505 0.026316
0 0.079512 0.357018 0.014053 0.023684
0 0.091223 0.296272 0.018738 0.029386
0 0.097387 0.268860 0.014793 0.025439
0 0.102441 0.243860 0.012574 0.024561
0 0.110084 0.217325 0.013560 0.017105
0 0.115508 0.196930 0.013067 0.021053
0 0.119576 0.177851 0.012821 0.021491
0 0.124877 0.151974 0.016026 0.024123
0 0.128082 0.129167 0.013560 0.015351
0 0.138807 0.090351 0.013314 0.020175
0 0.141889 0.072588 0.013067 0.018860
0 0.146943 0.055044 0.014300 0.023246
0 0.149655 0.038158 0.010848 0.018421
0 0.155079 0.021930 0.010848 0.019298
0 0.004931 0.529825 0.009369 0.028070
0 0.014300 0.493202 0.017751 0.030263
0 0.021450 0.455044 0.017258 0.025877
0 0.030449 0.416667 0.014546 0.030702
0 0.038955 0.386623 0.015779 0.028509
0 0.046721 0.350439 0.018491 0.026316
0 0.054734 0.317544 0.015286 0.031579
0 0.061021 0.291667 0.016026 0.025439
0 0.065952 0.265351 0.015039 0.029825
0 0.073595 0.241667 0.016519 0.024561
0 0.080005 0.218860 0.013560 0.022807
0 0.085799 0.193202 0.014300 0.023246
0 0.091593 0.167544 0.015039 0.023684
0 0.097017 0.144518 0.013560 0.019737
0 0.103797 0.123904 0.014300 0.023246
0 0.106016 0.105044 0.014300 0.024123
0 0.111810 0.080702 0.017012 0.019298
0 0.118097 0.066009 0.012821 0.019737
0 0.124384 0.048904 0.014053 0.022368
0 0.007520 0.390351 0.014546 0.024561
0 0.015163 0.357237 0.016519 0.027632
0 0.023176 0.327632 0.017751 0.023684
0 0.028107 0.296711 0.016272 0.028509
0 0.036736 0.272588 0.013807 0.023246
0 0.046598 0.244737 0.014300 0.026316
0 0.053378 0.218860 0.015039 0.023684
0 0.056953 0.199123 0.015779 0.023684
0 0.061514 0.180044 0.011588 0.022368
0 0.066445 0.161623 0.012574 0.021491
0 0.073102 0.142325 0.014546 0.024123
0 0.076800 0.120395 0.015533 0.022368
0 0.090730 0.074123 0.012327 0.024561
0 0.095661 0.051974 0.014793 0.021491
0 0.017012 0.239474 0.016272 0.026316
0 0.033531 0.191009 0.014793 0.023246
0 0.039941 0.170395 0.014300 0.023246
0 0.045735 0.151316 0.015039 0.025439
0 0.051652 0.128509 0.015533 0.019298
0 0.055597 0.110746 0.011588 0.024123
0 0.074951 0.053509 0.010355 0.024561
0 0.080868 0.029167 0.013314 0.021491
0 0.044749 0.091667 0.015039 0.024561
0 0.035380 0.111623 0.011095 0.018860
0 0.030079 0.131360 0.014300 0.019737
0 0.014670 0.173904 0.018491 0.023246
0 0.022436 0.151974 0.013314 0.026754
0 0.089744 0.653509 0.017751 0.018421
0 0.097017 0.607018 0.022436 0.036842
0 0.103797 0.570395 0.021696 0.030263
0 0.125740 0.456360 0.018738 0.027632
0 0.130794 0.422588 0.017505 0.032018
0 0.136218 0.391667 0.017012 0.023684
0 0.140163 0.361404 0.017505 0.028070
0 0.148299 0.331360 0.017012 0.028509
0 0.153723 0.304825 0.015533 0.024561
0 0.157668 0.273904 0.015039 0.027632
0 0.161736 0.249781 0.014793 0.031140
0 0.164818 0.222588 0.012574 0.023246
0 0.173447 0.202632 0.014546 0.021930
0 0.175296 0.180044 0.014793 0.025877
0 0.178008 0.155044 0.014300 0.023246
0 0.182816 0.135746 0.014053 0.022368
0 0.186884 0.112281 0.014300 0.019298
0 0.190089 0.094518 0.013314 0.021491
0 0.194157 0.072588 0.015039 0.023246
0 0.197732 0.042325 0.011834 0.017105
0 0.201800 0.023465 0.012081 0.020614
0 0.131534 0.644079 0.019970 0.033772
0 0.138314 0.602851 0.019724 0.030263
0 0.143368 0.560965 0.018491 0.036842
0 0.149655 0.515132 0.022189 0.033772
0 0.155449 0.477851 0.019477 0.025877
0 0.160010 0.440351 0.017751 0.030702
0 0.167530 0.410088 0.016026 0.026316
0 0.173940 0.380044 0.017505 0.021491
0 0.176652 0.348246 0.015533 0.024561
0 0.180597 0.322588 0.015039 0.025877
0 0.182816 0.293202 0.016026 0.021491
0 0.189226 0.265132 0.015533 0.022368
0 0.194527 0.242544 0.014300 0.026316
0 0.194650 0.219737 0.015039 0.024561
0 0.199951 0.195395 0.017258 0.023246
0 0.202663 0.171711 0.014793 0.025877
0 0.206731 0.148246 0.015533 0.025439
0 0.210676 0.129167 0.012574 0.026754
0 0.212525 0.107018 0.014300 0.014035
0 0.218442 0.088816 0.013314 0.022368
0 0.218319 0.068202 0.012574 0.023246
0 0.221031 0.052632 0.012081 0.017544
0 0.225099 0.034868 0.013807 0.020614
0 0.081361 0.707895 0.019724 0.028947
0 0.073225 0.759211 0.019724 0.028947
0 0.064596 0.812939 0.023669 0.037281
0 0.055104 0.865132 0.021450 0.038158
0 0.083457 0.968860 0.028353 0.036842
0 0.095168 0.902632 0.022189 0.036842
0 0.101085 0.850658 0.024162 0.038158
0 0.108235 0.796272 0.018738 0.034649
0 0.114522 0.748246 0.018984 0.031579
0 0.122658 0.697588 0.021450 0.032018
0 0.133383 0.941009 0.022189 0.037281
0 0.142382 0.879167 0.019970 0.031140
0 0.148669 0.829167 0.023176 0.035526
0 0.154956 0.776974 0.021943 0.038158
0 0.163585 0.725658 0.021450 0.034649
0 0.166790 0.676316 0.017505 0.032456
0 0.173447 0.631360 0.023915 0.036404
0 0.177885 0.587281 0.019477 0.033333
0 0.184295 0.548246 0.023422 0.030702
0 0.179734 0.964474 0.022682 0.038596
0 0.184172 0.908553 0.021203 0.036404
0 0.190089 0.849781 0.021203 0.033772
0 0.196376 0.796053 0.020464 0.033333
0 0.202293 0.743202 0.020464 0.037281
0 0.206238 0.694737 0.019970 0.029825
0 0.210676 0.643860 0.019970 0.028947
0 0.215607 0.601974 0.020464 0.028509
0 0.219305 0.559430 0.017012 0.032018
0 0.226085 0.980044 0.019231 0.034649
0 0.273176 0.957895 0.020710 0.036842
0 0.231386 0.908553 0.021943 0.037281
0 0.320390 0.954825 0.020957 0.036842
0 0.373028 0.942544 0.019724 0.038596
0 0.419009 0.924781 0.017012 0.035526
0 0.416297 0.983553 0.021450 0.030263
0 0.274655 0.904167 0.018738 0.037281
0 0.324951 0.893860 0.018738 0.028947
0 0.374384 0.882237 0.018491 0.032895
0 0.416297 0.857237 0.017012 0.030263
0 0.233728 0.851974 0.020217 0.036404
0 0.279093 0.843202 0.020217 0.035526
0 0.326800 0.841009 0.017998 0.028509
0 0.373521 0.823246 0.017751 0.030702
0 0.417653 0.799781 0.014793 0.028509
0 0.236810 0.794737 0.018491 0.030702
0 0.280942 0.784430 0.016519 0.032018
0 0.327663 0.785088 0.018245 0.028947
0 0.374507 0.766667 0.017751 0.028070
0 0.415311 0.746711 0.021450 0.037281
0 0.377096 0.713816 0.017012 0.030263
0 0.325444 0.732018 0.023669 0.038596
0 0.285873 0.732895 0.023422 0.036842
0 0.244453 0.745395 0.021450 0.032895
0 0.245809 0.698246 0.018245 0.028947
0 0.290311 0.682018 0.019477 0.027193
0 0.329882 0.681360 0.019231 0.032895
0 0.376603 0.662939 0.020464 0.034649
0 0.412599 0.649123 0.017998 0.030702
0 0.250740 0.650439 0.017258 0.032456
0 0.289941 0.638158 0.019231 0.031579
0 0.330375 0.636404 0.020710 0.029825
0 0.377096 0.621711 0.017012 0.025877
0 0.411736 0.604386 0.017751 0.027193
0 0.252096 0.607895 0.017505 0.031579
0 0.296228 0.588816 0.016026 0.030263
0 0.331731 0.591667 0.017505 0.028947
0 0.378452 0.576974 0.016765 0.031140
0 0.413092 0.567544 0.017012 0.026316
0 0.412599 0.525439 0.018984 0.027193
0 0.412229 0.488596 0.017258 0.031579
0 0.375740 0.526316 0.014300 0.033333
0 0.376603 0.489474 0.017012 0.030702
0 0.333087 0.557018 0.011341 0.018421
0 0.333950 0.511623 0.013067 0.028509
0 0.339374 0.473904 0.017505 0.024123
0 0.189103 0.505702 0.019724 0.028070
0 0.192801 0.468860 0.018738 0.031579
0 0.198225 0.432018 0.015779 0.026316
0 0.203649 0.399781 0.014793 0.019737
0 0.207224 0.369518 0.014546 0.018860
0 0.212525 0.332895 0.014300 0.021930
0 0.213018 0.305702 0.014793 0.024561
0 0.217456 0.277851 0.014300 0.022368
0 0.222510 0.248904 0.014546 0.019737
0 0.223866 0.524123 0.019231 0.030702
0 0.227441 0.486623 0.018984 0.025877
0 0.231879 0.447588 0.018491 0.024123
0 0.234221 0.413816 0.019724 0.025877
0 0.239029 0.382018 0.018491 0.023684
0 0.241371 0.349781 0.015779 0.027632
0 0.244822 0.317325 0.015286 0.025000
0 0.247535 0.290132 0.015779 0.018860
0 0.248891 0.260746 0.014546 0.025877
0 0.256657 0.568860 0.009369 0.018421
0 0.259246 0.529167 0.008629 0.017982
0 0.264177 0.487939 0.017505 0.025877
0 0.266519 0.451316 0.019724 0.025439
0 0.269724 0.416009 0.017751 0.027632
0 0.271450 0.379167 0.014300 0.023246
0 0.275518 0.348904 0.019477 0.025877
0 0.278600 0.317544 0.017258 0.023684
0 0.280942 0.287281 0.018491 0.024561
0 0.282175 0.260088 0.017012 0.025439
0 0.296228 0.546711 0.014546 0.020614
0 0.300666 0.510088 0.014546 0.024561
0 0.302515 0.464474 0.015286 0.024561
0 0.306953 0.429825 0.019724 0.027193
0 0.306953 0.395395 0.018245 0.022368
0 0.308679 0.364474 0.015779 0.025439
0 0.309665 0.335746 0.016272 0.021491
0 0.311514 0.305702 0.017012 0.025439
0 0.312377 0.279167 0.014793 0.021491
0 0.312377 0.253509 0.016272 0.025439
0 0.337155 0.437281 0.018491 0.025439
0 0.340730 0.404167 0.016272 0.026754
0 0.342579 0.374781 0.017012 0.030263
0 0.341963 0.342544 0.015779 0.025439
0 0.344305 0.311404 0.017505 0.028070
0 0.341223 0.282895 0.017258 0.029825
0 0.342456 0.251974 0.013807 0.023246
0 0.376726 0.455044 0.015286 0.025877
0 0.375863 0.419518 0.015039 0.025000
0 0.377589 0.387281 0.020464 0.029825
0 0.376233 0.357895 0.015779 0.025439
0 0.377219 0.326974 0.015779 0.025877
0 0.377096 0.296053 0.018491 0.026316
0 0.377959 0.267544 0.019231 0.028070
0 0.379315 0.244518 0.017505 0.025000
0 0.412229 0.454825 0.017258 0.026316
0 0.411736 0.419737 0.017751 0.028070
0 0.410010 0.385088 0.018245 0.029825
0 0.410873 0.357018 0.017505 0.021930
0 0.409887 0.327851 0.016519 0.021491
0 0.408531 0.296711 0.016272 0.025877
0 0.409024 0.269518 0.016765 0.019737
0 0.407668 0.243202 0.018984 0.022368
0 0.223866 0.227851 0.016272 0.025000
0 0.225099 0.205044 0.014300 0.024123
0 0.230893 0.180702 0.012574 0.028070
0 0.232742 0.152632 0.014300 0.022807
0 0.235577 0.130702 0.013067 0.018421
0 0.241864 0.095175 0.011834 0.021930
0 0.242604 0.072807 0.013807 0.022807
0 0.245192 0.058333 0.013560 0.019298
0 0.247411 0.042982 0.014546 0.024561
0 0.247904 0.025658 0.011588 0.021491
0 0.251479 0.237939 0.014793 0.027632
0 0.255547 0.216009 0.014053 0.028509
0 0.259122 0.191667 0.016272 0.027193
0 0.259122 0.167982 0.016272 0.021930
0 0.263437 0.143640 0.012081 0.017105
0 0.266765 0.123684 0.014793 0.019298
0 0.267875 0.104167 0.014546 0.021491
0 0.269107 0.081140 0.013067 0.020175
0 0.271450 0.060307 0.011341 0.021491
0 0.273299 0.042325 0.012081 0.021491
0 0.273052 0.023465 0.012574 0.018860
0 0.284147 0.237061 0.010602 0.018860
0 0.285626 0.210965 0.012574 0.028070
0 0.287106 0.183991 0.012574 0.022368
0 0.290064 0.160088 0.015039 0.028947
0 0.292160 0.137939 0.014300 0.022368
0 0.293269 0.115789 0.014053 0.024561
0 0.293516 0.094737 0.013560 0.021053
0 0.295118 0.076535 0.013807 0.020614
0 0.297214 0.058772 0.012574 0.022807
0 0.299063 0.042763 0.014300 0.024123
0 0.301652 0.025219 0.014053 0.017105
0 0.302885 0.009868 0.013560 0.017982
0 0.313116 0.227851 0.015286 0.020614
0 0.313363 0.204605 0.015779 0.021491
0 0.318047 0.179167 0.016765 0.024123
0 0.319280 0.153947 0.015779 0.024561
0 0.320513 0.133333 0.017258 0.026316
0 0.321129 0.112500 0.014053 0.021491
0 0.322732 0.093860 0.016272 0.019298
0 0.324458 0.074781 0.014793 0.020614
0 0.343935 0.228289 0.017751 0.025000
0 0.345291 0.206140 0.012081 0.024561
0 0.348250 0.182895 0.011095 0.020175
0 0.348743 0.158553 0.013067 0.020614
0 0.348250 0.134868 0.012081 0.023246
0 0.347510 0.114693 0.015533 0.020614
0 0.347756 0.094298 0.014053 0.024561
0 0.349112 0.074561 0.012821 0.016667
0 0.351701 0.050658 0.010602 0.021491
0 0.354906 0.030263 0.010602 0.017544
0 0.378698 0.222149 0.016272 0.018860
0 0.376479 0.196711 0.014793 0.020614
0 0.375370 0.173684 0.013560 0.018421
0 0.376972 0.150219 0.013807 0.018860
0 0.377712 0.126535 0.013314 0.017982
0 0.377465 0.104167 0.013807 0.017982
0 0.377712 0.085746 0.014300 0.020614
0 0.379315 0.064912 0.014053 0.019298
0 0.405325 0.218640 0.017751 0.023246
0 0.404832 0.193202 0.015779 0.020614
0 0.402860 0.166886 0.014300 0.020614
0 0.403107 0.143640 0.015779 0.017105
0 0.403353 0.122588 0.017258 0.021491
0 0.403723 0.082675 0.013560 0.026754
0 0.405695 0.059211 0.012574 0.025439
0 0.456977 0.096053 0.013067 0.020175
0 0.433432 0.079167 0.007890 0.009211
0 0.435404 0.106360 0.008876 0.012719
0 0.435404 0.121930 0.013314 0.017544
0 0.437500 0.143640 0.015039 0.017105
0 0.437253 0.166009 0.014546 0.020614
0 0.436391 0.190789 0.015286 0.023684
0 0.436884 0.216009 0.015286 0.023246
0 0.438609 0.241228 0.016272 0.021053
0 0.437500 0.262939 0.015039 0.022368
0 0.438363 0.285088 0.015779 0.023684
0 0.439596 0.310746 0.018245 0.022368
0 0.442308 0.339254 0.018245 0.023246
0 0.443787 0.364912 0.017258 0.022807
0 0.447239 0.425219 0.013807 0.021491
0 0.447485 0.457675 0.013314 0.026754
0 0.448595 0.488158 0.019477 0.031579
0 0.449827 0.523026 0.019970 0.026754
0 0.487549 0.527412 0.017998 0.024123
0 0.526627 0.526974 0.016272 0.021491
0 0.563979 0.529605 0.013067 0.019737
0 0.484467 0.494737 0.021203 0.029825
0 0.523299 0.498684 0.014546 0.025439
0 0.558432 0.500219 0.014793 0.022368
0 0.482618 0.455921 0.016519 0.025000
0 0.520217 0.457018 0.017751 0.028947
0 0.557076 0.465570 0.019477 0.033772
0 0.478427 0.425658 0.014053 0.024123
0 0.516765 0.425000 0.016272 0.023684
0 0.552638 0.437061 0.017998 0.023246
0 0.478180 0.393202 0.013560 0.023246
0 0.512327 0.394079 0.015779 0.023246
0 0.543886 0.374342 0.017258 0.024123
0 0.507027 0.368421 0.010602 0.014912
0 0.475468 0.365570 0.012574 0.021491
0 0.473743 0.336404 0.015039 0.019298
0 0.505178 0.331360 0.015286 0.018860
0 0.536489 0.326974 0.015779 0.025000
0 0.474236 0.306140 0.016026 0.018421
0 0.502342 0.302412 0.013560 0.020614
0 0.531928 0.300439 0.014053 0.018421
0 0.470784 0.282895 0.017998 0.026316
0 0.501233 0.277851 0.015779 0.021491
0 0.526134 0.276096 0.015286 0.022368
0 0.468688 0.257675 0.013807 0.020614
0 0.499384 0.249561 0.019477 0.025439
0 0.524901 0.252412 0.016765 0.023246
0 0.465730 0.233333 0.017258 0.026316
0 0.493343 0.226754 0.016765 0.024561
0 0.520957 0.230263 0.014300 0.028947
0 0.517505 0.203289 0.016765 0.022368
0 0.490754 0.202851 0.011588 0.019737
0 0.459813 0.188377 0.012821 0.024123
0 0.489645 0.177851 0.014793 0.021491
0 0.515409 0.183991 0.017012 0.020614
0 0.513067 0.162500 0.018245 0.024123
0 0.511711 0.140132 0.014546 0.022368
0 0.487796 0.151754 0.019477 0.027193
0 0.459566 0.162061 0.017258 0.025000
0 0.461045 0.139035 0.017258 0.021930
0 0.456854 0.118421 0.016272 0.029825
0 0.490754 0.129386 0.011588 0.015789
0 0.486810 0.104167 0.013067 0.023246
0 0.542653 0.123465 0.015779 0.021491
0 0.543886 0.141447 0.008876 0.021491
0 0.558679 0.261184 0.009862 0.018860
0 0.562377 0.284211 0.008876 0.015789
0 0.565459 0.308772 0.010108 0.016667
0 0.574704 0.364474 0.010355 0.019298
0 0.579882 0.397368 0.010355 0.016667
0 0.590976 0.460965 0.010355 0.018421
0 0.597140 0.497807 0.009369 0.015789
0 0.603057 0.529605 0.010355 0.016228
0 0.565705 0.114693 0.014546 0.024123
0 0.567308 0.141447 0.013807 0.021491
0 0.575321 0.186184 0.012574 0.023246
0 0.576553 0.205044 0.014053 0.021491
0 0.584443 0.228947 0.013067 0.027193
0 0.587032 0.253289 0.010848 0.019737
0 0.590976 0.276316 0.017751 0.028070
0 0.599112 0.306140 0.018245 0.029825
0 0.602811 0.333114 0.014300 0.024123
0 0.608605 0.359868 0.013067 0.034649
0 0.614275 0.390570 0.017505 0.031140
0 0.616864 0.417105 0.018245 0.029825
0 0.623767 0.451316 0.016272 0.032456
0 0.630054 0.482018 0.018491 0.038596
0 0.634246 0.519298 0.020464 0.032456
0 0.601701 0.138377 0.014053 0.023246
0 0.603427 0.160965 0.011588 0.019298
0 0.605893 0.185307 0.015039 0.021491
0 0.611193 0.209430 0.015286 0.023246
0 0.616987 0.238816 0.013067 0.018860
0 0.626603 0.288816 0.012574 0.023246
0 0.635602 0.339035 0.014793 0.027193
0 0.642628 0.367105 0.016026 0.030702
0 0.647559 0.402632 0.017998 0.025439
0 0.657544 0.430921 0.016765 0.037281
0 0.663338 0.466009 0.012574 0.019737
0 0.668516 0.503947 0.013560 0.018421
0 0.626603 0.135526 0.009615 0.014912
0 0.629438 0.162719 0.009862 0.015789
0 0.639670 0.209868 0.014546 0.020614
0 0.651997 0.258553 0.012081 0.018860
0 0.666790 0.333553 0.013067 0.021491
0 0.673323 0.360526 0.015779 0.028947
0 0.678871 0.385526 0.013067 0.028070
0 0.685897 0.418421 0.016765 0.030702
0 0.694034 0.454386 0.014300 0.026316
0 0.702170 0.486623 0.015779 0.028509
0 0.452170 0.558114 0.017258 0.025877
0 0.452786 0.593860 0.019477 0.025439
0 0.455621 0.635526 0.015779 0.024561
0 0.456607 0.674123 0.018738 0.028947
0 0.459320 0.719956 0.014793 0.019737
0 0.457840 0.767544 0.016272 0.030702
0 0.462155 0.817982 0.019477 0.038596
0 0.464497 0.871053 0.017751 0.034211
0 0.466963 0.931360 0.016272 0.033772
0 0.466593 0.984430 0.019970 0.031140
0 0.489892 0.569956 0.018738 0.022368
0 0.491494 0.609649 0.018491 0.028947
0 0.494083 0.650877 0.018245 0.028947
0 0.499507 0.701754 0.016272 0.026316
0 0.503452 0.747149 0.016765 0.023246
0 0.506164 0.800219 0.016272 0.031140
0 0.511218 0.851974 0.018984 0.035526
0 0.518245 0.911184 0.017258 0.026754
0 0.525394 0.977632 0.023176 0.042105
0 0.530819 0.573246 0.018245 0.028947
0 0.565212 0.569737 0.018984 0.028947
0 0.533531 0.614035 0.018245 0.024561
0 0.538955 0.657895 0.014793 0.028070
0 0.543639 0.701316 0.015779 0.030702
0 0.549310 0.758772 0.015286 0.028070
0 0.554241 0.816447 0.015779 0.024123
0 0.559541 0.874781 0.012574 0.023246
0 0.569280 0.937061 0.017258 0.033772
0 0.615138 0.970395 0.017751 0.025877
0 0.609344 0.902851 0.014546 0.028509
0 0.602687 0.843202 0.018491 0.032895
0 0.593565 0.789474 0.016519 0.026316
0 0.588264 0.734868 0.017751 0.028509
0 0.581731 0.688377 0.015039 0.019737
0 0.575814 0.647807 0.021943 0.029825
0 0.571869 0.607456 0.018491 0.029825
0 0.713264 0.955263 0.017751 0.027193
0 0.699951 0.892763 0.018245 0.037281
0 0.680350 0.782018 0.022436 0.033333
0 0.672954 0.732895 0.021450 0.032456
0 0.664818 0.685746 0.015533 0.024123
0 0.655942 0.639693 0.020957 0.036404
0 0.647066 0.597149 0.018984 0.032018
0 0.640533 0.556140 0.018245 0.033333
0 0.759492 0.942982 0.029832 0.050877
0 0.747781 0.884211 0.026134 0.047368
0 0.736193 0.828070 0.018738 0.042105
0 0.724729 0.768421 0.022929 0.043860
0 0.713634 0.717763 0.020957 0.035526
0 0.705128 0.666886 0.016272 0.039912
0 0.698225 0.621930 0.019231 0.032456
0 0.688240 0.578947 0.017505 0.028947
0 0.681213 0.537719 0.018738 0.029825
0 0.715237 0.551974 0.015779 0.026754
0 0.724729 0.596711 0.013560 0.019737
0 0.738042 0.640132 0.012081 0.025877
0 0.757766 0.737719 0.013560 0.028947
0 0.769477 0.782456 0.015286 0.034211
0 0.782421 0.834211 0.017998 0.033333
0 0.790557 0.889693 0.017505 0.034649
0 0.804241 0.948904 0.022682 0.037281
0 0.797214 0.721272 0.018984 0.037281
0 0.786119 0.673684 0.019970 0.033333
0 0.773792 0.632675 0.018491 0.030263
0 0.764300 0.589474 0.014300 0.028947
0 0.757150 0.549123 0.015779 0.023684
0 0.748028 0.512719 0.018245 0.032456
0 0.737303 0.482018 0.018984 0.025439
0 0.814103 0.992325 0.016272 0.015351
0 0.866124 0.987281 0.019231 0.024561
0 0.903846 0.958333 0.020217 0.041228
0 0.944280 0.935965 0.022682 0.046491
0 0.983605 0.933333 0.019477 0.041228
0 0.959196 0.988596 0.019970 0.022807
0 0.855153 0.931798 0.020464 0.031140
0 0.839127 0.882456 0.022929 0.032456
0 0.824458 0.824123 0.016765 0.028070
0 0.811760 0.774561 0.018984 0.031579
0 0.887327 0.903289 0.019724 0.032018
0 0.876849 0.853289 0.022929 0.033772
0 0.927022 0.876316 0.024655 0.035088
0 0.965360 0.876754 0.023422 0.032456
0 0.912722 0.825439 0.018245 0.032456
0 0.949827 0.821711 0.019970 0.032895
0 0.989275 0.811404 0.021450 0.042105
0 0.859837 0.803070 0.018491 0.028947
0 0.897066 0.772588 0.023422 0.033772
0 0.939226 0.769518 0.018984 0.034649
0 0.973126 0.764254 0.018245 0.035526
0 0.849606 0.756360 0.024162 0.032895
0 0.922707 0.720833 0.017505 0.032895
0 0.959566 0.714912 0.017258 0.028070
0 0.990878 0.702851 0.018245 0.039035
0 0.836169 0.711623 0.025888 0.034649
0 0.876356 0.671272 0.019970 0.034649
0 0.825937 0.660746 0.024162 0.037281
0 0.908654 0.660307 0.021943 0.034649
0 0.944157 0.670395 0.019477 0.036404
0 0.978180 0.660746 0.020957 0.032018
0 0.859714 0.623246 0.024655 0.041228
0 0.812623 0.616667 0.022682 0.031579
0 0.801898 0.576096 0.021943 0.034649
0 0.791790 0.537061 0.018984 0.031140
0 0.780942 0.498684 0.020957 0.028947
0 0.846770 0.586184 0.020464 0.035526
0 0.833210 0.545175 0.028353 0.042982
0 0.818417 0.509430 0.020464 0.033772
0 0.807199 0.473026 0.018738 0.025877
0 0.932692 0.630702 0.020217 0.029825
0 0.891272 0.617763 0.020710 0.032018
0 0.918762 0.591009 0.020957 0.036404
0 0.877342 0.572368 0.020957 0.034211
0 0.864029 0.531360 0.021450 0.036404
0 0.851455 0.492763 0.018491 0.032018
0 0.907421 0.553289 0.019477 0.032018
0 0.883136 0.477851 0.019724 0.025877
0 0.963388 0.616886 0.019970 0.032018
0 0.950567 0.576096 0.023422 0.036404
0 0.936144 0.533333 0.017751 0.030702
0 0.923570 0.491667 0.014793 0.029825
0 0.987056 0.576754 0.020957 0.033333
0 0.971770 0.536184 0.017012 0.036404
0 0.957101 0.495395 0.022189 0.037281
0 0.991864 0.507456 0.016272 0.029825
0 0.836169 0.443202 0.019477 0.033772
0 0.660750 0.150658 0.009369 0.016228
0 0.664571 0.176096 0.014053 0.021491
0 0.670981 0.205263 0.015039 0.018421
0 0.676529 0.228728 0.015779 0.025877
0 0.680473 0.251535 0.016272 0.021491
0 0.685281 0.276316 0.012574 0.018421
0 0.697239 0.326096 0.015286 0.023246
0 0.703649 0.353289 0.014793 0.025000
0 0.720168 0.413377 0.017258 0.027632
0 0.729906 0.445175 0.017998 0.033333
0 0.770464 0.467105 0.016765 0.025439
0 0.761711 0.432895 0.019477 0.031579
0 0.746425 0.376096 0.013067 0.024123
0 0.738412 0.344956 0.014793 0.025000
0 0.731016 0.319518 0.013807 0.025000
0 0.723373 0.290789 0.015286 0.028947
0 0.715483 0.269956 0.014300 0.021491
0 0.708950 0.246272 0.014546 0.022368
0 0.700567 0.220175 0.015533 0.024561
0 0.692431 0.185307 0.014053 0.025000
0 0.685158 0.160088 0.009862 0.017544
0 0.712401 0.169079 0.016026 0.022368
0 0.721400 0.194079 0.016272 0.024123
0 0.729167 0.215132 0.013067 0.017982
0 0.737056 0.237939 0.013067 0.022368
0 0.744329 0.263377 0.014300 0.022368
0 0.751972 0.290132 0.012821 0.022368
0 0.760848 0.312061 0.015779 0.026754
0 0.770587 0.339693 0.015039 0.025877
0 0.780572 0.374561 0.014300 0.028947
0 0.787722 0.403947 0.017751 0.031579
0 0.797091 0.442325 0.017751 0.033772
0 0.815459 0.386842 0.017012 0.030702
0 0.804734 0.354167 0.015286 0.025000
0 0.796105 0.324342 0.014793 0.026754
0 0.786859 0.296711 0.015039 0.025877
0 0.778846 0.271711 0.016272 0.024123
0 0.769477 0.249123 0.016272 0.022807
0 0.761958 0.225219 0.013560 0.021491
0 0.756410 0.204825 0.015286 0.021930
0 0.750740 0.183114 0.017258 0.022368
0 0.869329 0.446053 0.015286 0.026316
0 0.857372 0.412939 0.013560 0.026754
0 0.845414 0.380702 0.009369 0.020175
0 0.834936 0.351316 0.014546 0.025439
0 0.824088 0.326535 0.015039 0.020614
0 0.817308 0.300877 0.014300 0.025439
0 0.809172 0.273904 0.016765 0.029386
0 0.791913 0.226316 0.015779 0.023684
0 0.782914 0.197807 0.017012 0.026316
0 0.906805 0.456140 0.014793 0.028070
0 0.897313 0.423246 0.017012 0.034211
0 0.883383 0.388158 0.016272 0.028070
0 0.871918 0.357456 0.014053 0.031579
0 0.860084 0.329825 0.013560 0.025439
0 0.849606 0.302851 0.014793 0.021491
0 0.839990 0.278509 0.016765 0.023684
0 0.829142 0.254167 0.013807 0.021491
0 0.821746 0.231360 0.012821 0.018860
0 0.817061 0.209430 0.013807 0.021491
0 0.943171 0.462719 0.014053 0.031579
0 0.932692 0.427851 0.013314 0.026754
0 0.919379 0.399342 0.013807 0.024123
0 0.905572 0.368202 0.016765 0.025000
0 0.894354 0.338377 0.012081 0.025000
0 0.879931 0.304605 0.015779 0.026754
0 0.868466 0.277632 0.011588 0.023684
0 0.857742 0.251974 0.014300 0.025877
0 0.849852 0.223904 0.018245 0.032018
0 0.978920 0.469737 0.014053 0.028947
0 0.964744 0.436184 0.010848 0.017982
0 0.950814 0.401316 0.012574 0.026316
0 0.939226 0.369956 0.015533 0.031140
0 0.928254 0.344737 0.017751 0.028947
0 0.915434 0.317763 0.016272 0.029386
0 0.905079 0.288816 0.016765 0.023246
0 0.897189 0.269518 0.015779 0.022368
0 0.887327 0.241886 0.015779 0.020614
0 0.993713 0.431579 0.012574 0.028947
0 0.982249 0.402193 0.015779 0.033333
0 0.969675 0.372149 0.013807 0.022368
0 0.957840 0.342982 0.015286 0.027193
0 0.945143 0.311184 0.011588 0.023246
0 0.937993 0.295833 0.010108 0.018860
0 0.930843 0.277193 0.012574 0.020175
0 0.924310 0.257675 0.012327 0.020614
0 0.979660 0.313158 0.013560 0.027193
