0 0.268245 0.880263 0.097633 0.177193
0 0.298817 0.705702 0.090237 0.175439
0 0.342209 0.382456 0.084813 0.146491
0 0.375986 0.135526 0.072978 0.121930
0 0.060774 0.748684 0.113659 0.185088
0 0.118713 0.458772 0.109221 0.188596
0 0.156805 0.186842 0.091223 0.175439
0 0.562993 0.765789 0.097387 0.162281
0 0.576430 0.539693 0.111440 0.167982
0 0.590360 0.303289 0.091963 0.137281
0 0.605276 0.067982 0.085799 0.135088
0 0.828279 0.551316 0.100838 0.164035
0 0.819157 0.293860 0.101824 0.183333
0 0.820266 0.070614 0.084813 0.129825
