0 0.036119 0.148026 0.066321 0.104825
0 0.083333 0.035526 0.062130 0.066667
0 0.243097 0.085965 0.055720 0.084211
0 0.203895 0.228070 0.075937 0.120175
0 0.157914 0.437719 0.076183 0.150877
0 0.095661 0.660965 0.125247 0.185088
0 0.266149 0.907018 0.121055 0.185088
0 0.309418 0.639912 0.098619 0.162281
0 0.351331 0.259430 0.072978 0.125877
0 0.374384 0.120175 0.063363 0.121930
0 0.559295 0.894518 0.102811 0.145175
0 0.559788 0.584649 0.095414 0.139474
0 0.559295 0.398684 0.081607 0.133333
0 0.551775 0.244079 0.062130 0.114474
0 0.550173 0.105044 0.071746 0.106579
0 0.810651 0.886842 0.097633 0.209649
0 0.729167 0.362500 0.071746 0.103070
0 0.707717 0.204167 0.084566 0.117982
0 0.694280 0.086842 0.062130 0.108772
0 0.959073 0.506360 0.062130 0.116228
0 0.874507 0.177412 0.055720 0.083772
0 0.840730 0.060307 0.054734 0.082018
