0 0.024778 0.162061 0.049063 0.114474
0 0.069034 0.037281 0.067554 0.073684
0 0.240385 0.046711 0.059172 0.082018
0 0.208826 0.174781 0.077416 0.101316
0 0.171228 0.321272 0.072732 0.093421
0 0.100468 0.551316 0.100838 0.186842
0 0.055966 0.827632 0.099606 0.198246
0 0.349729 0.425219 0.076183 0.137281
0 0.321376 0.648465 0.077170 0.117982
0 0.294009 0.957456 0.095414 0.084211
0 0.568910 0.099342 0.070759 0.106579
0 0.577046 0.245175 0.076183 0.128070
0 0.584443 0.441667 0.084566 0.139474
0 0.592579 0.664693 0.102811 0.143421
0 0.602687 0.951974 0.099852 0.096053
0 0.723866 0.044956 0.069527 0.085526
0 0.756410 0.170833 0.105030 0.158333
0 0.794625 0.383333 0.084813 0.144737
0 0.818787 0.623684 0.085799 0.144737
0 0.875493 0.931140 0.087771 0.137719
0 0.931213 0.234649 0.068540 0.095614
0 0.886834 0.073684 0.061144 0.097368
