0 0.166297 0.760965 0.052515 0.087719
0 0.203402 0.458772 0.087771 0.139474
0 0.208210 0.324342 0.078156 0.137281
0 0.207594 0.203070 0.062130 0.120175
0 0.210182 0.092982 0.041667 0.063158
0 0.026997 0.302412 0.046105 0.127632
0 0.039818 0.169737 0.039694 0.099123
0 0.728674 0.888158 0.126479 0.223684
0 0.671351 0.657895 0.112426 0.186842
0 0.628945 0.480702 0.103057 0.178947
0 0.592456 0.318640 0.087771 0.156579
0 0.544255 0.187939 0.072732 0.127632
0 0.520710 0.078289 0.068540 0.114474
0 0.904956 0.732456 0.131903 0.243860
0 0.810651 0.530263 0.086785 0.149123
0 0.748397 0.346272 0.058925 0.108333
0 0.690089 0.195614 0.068540 0.123684
0 0.648792 0.073465 0.071746 0.127632
0 0.826183 0.151754 0.068540 0.128070
0 0.772682 0.058333 0.062130 0.097368
0 0.937747 0.115570 0.057939 0.112719
0 0.890409 0.049781 0.064349 0.083772
