0 0.082224 0.166009 0.113659 0.179386
0 0.050173 0.473026 0.089990 0.221491
0 0.035133 0.888596 0.068294 0.213158
0 0.315335 0.206140 0.123274 0.186842
0 0.313240 0.519737 0.138314 0.230702
0 0.300419 0.926316 0.131903 0.147368
0 0.552885 0.068640 0.107249 0.125877
0 0.595784 0.303289 0.094428 0.167982
0 0.634862 0.639912 0.110454 0.196491
0 0.693171 0.942544 0.113659 0.114912
0 0.933925 0.649342 0.116864 0.203947
0 0.848619 0.299561 0.117850 0.183333
0 0.785380 0.079386 0.096400 0.142982
0 0.958580 0.950000 0.073964 0.100000
