0 0.182939 0.944298 0.117850 0.111404
0 0.207101 0.648465 0.106016 0.152193
0 0.212525 0.295833 0.131657 0.202193
0 0.211415 0.052632 0.095414 0.104386
0 0.487426 0.809649 0.103057 0.177193
0 0.499753 0.468421 0.125247 0.196491
0 0.495562 0.158333 0.116864 0.198246
0 0.731879 0.950000 0.094428 0.100000
0 0.722756 0.641667 0.110207 0.185088
0 0.712032 0.266228 0.102071 0.165789
0 0.709813 0.051754 0.097633 0.102632
0 0.953772 0.251096 0.085552 0.169737
0 0.966716 0.575000 0.066568 0.150877
0 0.965113 0.922149 0.069773 0.139035
