0 0.243097 0.801974 0.092209 0.200439
0 0.029216 0.507456 0.052515 0.129825
0 0.017258 0.091667 0.034024 0.144737
0 0.071499 0.355702 0.055720 0.139474
0 0.105276 0.194737 0.069527 0.121930
0 0.126726 0.081140 0.067554 0.108772
0 0.265533 0.555044 0.081361 0.137281
0 0.260725 0.394956 0.046105 0.083772
0 0.282175 0.189912 0.071746 0.139474
0 0.284393 0.105921 0.058925 0.104825
0 0.450444 0.665570 0.093195 0.190789
0 0.678254 0.469079 0.096647 0.213596
0 0.640779 0.349123 0.094181 0.160526
0 0.614398 0.212719 0.080375 0.128070
0 0.589250 0.103289 0.074951 0.148684
0 0.954882 0.897588 0.090237 0.204825
0 0.852441 0.625439 0.090976 0.186842
0 0.813363 0.420614 0.103057 0.207895
0 0.759246 0.282456 0.063363 0.121930
0 0.678378 0.057237 0.070759 0.095175
0 0.958087 0.331140 0.079389 0.154386
0 0.948348 0.076316 0.057939 0.133333
0 0.983358 0.169737 0.033284 0.099123
0 0.797830 0.044079 0.067554 0.080263
0 0.753328 0.752412 0.072732 0.135526
