0 0.216223 0.965351 0.051282 0.069298
0 0.247411 0.768640 0.053501 0.080263
0 0.259739 0.608553 0.058925 0.080263
0 0.416667 0.715351 0.060158 0.110526
0 0.430720 0.563816 0.062130 0.104825
0 0.435404 0.416667 0.043886 0.078070
0 0.587155 0.569298 0.055966 0.085965
0 0.580251 0.883991 0.039694 0.070614
0 0.570020 0.319518 0.055720 0.093421
0 0.560404 0.189693 0.060158 0.093421
0 0.928131 0.859211 0.062377 0.108772
0 0.897559 0.662719 0.065335 0.100877
0 0.865261 0.470175 0.063363 0.108772
0 0.851455 0.313816 0.058925 0.101316
0 0.835922 0.189912 0.070759 0.089474
0 0.813856 0.087061 0.041913 0.070614
0 0.955868 0.136623 0.055720 0.093421
0 0.934418 0.026974 0.060158 0.053070
0 0.210922 0.346272 0.027860 0.047807
0 0.186267 0.301316 0.038708 0.064912
0 0.146573 0.248026 0.036243 0.072368
0 0.108481 0.207018 0.037475 0.058772
0 0.076800 0.176535 0.034270 0.074123
0 0.010108 0.066886 0.019724 0.057456
0 0.288585 0.176535 0.041667 0.062719
0 0.249014 0.148904 0.037475 0.064474
0 0.220044 0.127851 0.035256 0.068860
0 0.185158 0.097368 0.032051 0.068421
0 0.155079 0.070833 0.036489 0.072368
0 0.348619 0.076316 0.041913 0.076316
0 0.311637 0.044079 0.040927 0.087281
0 0.273052 0.027851 0.027860 0.054825
0 0.236563 0.019298 0.040680 0.037719
