0 0.145957 0.029167 0.086785 0.051316
0 0.099606 0.138377 0.050296 0.074123
0 0.039818 0.301974 0.073718 0.104825
0 0.266026 0.125658 0.080375 0.095175
0 0.241864 0.271711 0.085306 0.139035
0 0.182446 0.458553 0.123274 0.146053
0 0.119453 0.739035 0.109221 0.173684
0 0.470291 0.047588 0.079142 0.084649
0 0.467086 0.182895 0.068787 0.094737
0 0.445883 0.355702 0.078156 0.123684
0 0.424803 0.557895 0.091223 0.150877
0 0.393861 0.919298 0.096400 0.152632
0 0.690459 0.944079 0.115138 0.111842
0 0.649162 0.032237 0.070513 0.053947
0 0.651874 0.175658 0.075937 0.103070
0 0.658161 0.362281 0.078156 0.110526
0 0.677515 0.605044 0.101578 0.169737
0 0.946499 0.934868 0.080375 0.130263
0 0.911982 0.615789 0.086785 0.145614
0 0.859837 0.396930 0.048570 0.076316
0 0.835552 0.199342 0.070513 0.116228
0 0.818047 0.062061 0.076430 0.096930
0 0.978797 0.088816 0.041913 0.146930
