0 0.075321 0.044079 0.056953 0.068860
0 0.031435 0.157456 0.052515 0.097368
0 0.089250 0.626535 0.112426 0.189035
0 0.160010 0.420614 0.056706 0.081579
0 0.039941 0.932895 0.075937 0.134211
0 0.376479 0.177412 0.056706 0.103070
0 0.360454 0.339693 0.071992 0.103070
0 0.560897 0.051535 0.050296 0.057456
0 0.560897 0.161184 0.059172 0.082018
0 0.574827 0.320395 0.056953 0.095175
0 0.577416 0.516886 0.085799 0.140789
0 0.592456 0.774342 0.085799 0.163596
0 0.716839 0.074561 0.057939 0.087719
0 0.739892 0.209868 0.067554 0.106579
0 0.773669 0.380482 0.040927 0.062719
0 0.817554 0.609430 0.115878 0.184649
0 0.861563 0.914474 0.134862 0.165789
0 0.892135 0.137281 0.039694 0.068421
0 0.856755 0.035307 0.059172 0.062719
