0 0.037845 0.444518 0.069773 0.167982
0 0.121918 0.192763 0.066321 0.103070
0 0.139546 0.927193 0.116864 0.145614
0 0.216346 0.688596 0.113659 0.194737
0 0.281065 0.424342 0.086785 0.169737
0 0.343195 0.182237 0.061144 0.116228
0 0.760232 0.719079 0.097387 0.182895
0 0.765656 0.441667 0.090976 0.165789
0 0.783284 0.226974 0.085799 0.160088
0 0.781188 0.061184 0.081607 0.117982
0 0.968812 0.889693 0.062377 0.177632
0 0.970414 0.552193 0.059172 0.162281
0 0.965113 0.307018 0.069773 0.186842
0 0.961908 0.101316 0.076183 0.164035
