0 0.452539 0.930044 0.114645 0.139912
0 0.180473 0.823904 0.140533 0.225000
0 0.178131 0.517982 0.125493 0.250000
0 0.469798 0.637061 0.101824 0.187281
0 0.473619 0.317544 0.092209 0.165789
0 0.193171 0.143202 0.121055 0.205702
0 0.693294 0.456798 0.109467 0.184649
0 0.701307 0.809649 0.103797 0.200000
0 0.958580 0.959649 0.075937 0.080702
0 0.964004 0.728728 0.071992 0.148684
0 0.953156 0.416886 0.091223 0.169737
0 0.937130 0.107018 0.080375 0.152632
0 0.698102 0.137500 0.078156 0.167982
0 0.486317 0.041228 0.096400 0.081579
