0 0.052268 0.919518 0.100592 0.148684
0 0.068294 0.636184 0.128698 0.200439
0 0.105893 0.332018 0.130917 0.194737
0 0.139177 0.088816 0.113659 0.166228
0 0.298200 0.773246 0.108235 0.185088
0 0.315459 0.484430 0.112673 0.205702
0 0.323964 0.195614 0.118836 0.238596
0 0.561391 0.932018 0.111440 0.135965
0 0.565089 0.598904 0.116864 0.225000
0 0.576430 0.310088 0.111440 0.211404
0 0.574827 0.087939 0.101824 0.167982
0 0.823595 0.858333 0.108235 0.228947
0 0.793516 0.503509 0.108235 0.198246
0 0.773669 0.244298 0.107002 0.186842
0 0.764053 0.058553 0.094181 0.116228
0 0.963511 0.118421 0.072978 0.171930
