0 0.064596 0.937061 0.017258 0.018860
0 0.093319 0.987500 0.018491 0.025000
0 0.119206 0.987500 0.012081 0.022368
0 0.140286 0.982237 0.015779 0.017982
0 0.166667 0.969518 0.016765 0.022368
0 0.137081 0.936842 0.016765 0.024561
0 0.161736 0.930482 0.015779 0.022368
0 0.188856 0.924781 0.016272 0.024123
0 0.191691 0.965351 0.013560 0.019298
0 0.215853 0.915132 0.015533 0.025000
0 0.297707 0.929605 0.013560 0.020614
0 0.305597 0.961184 0.012574 0.020614
0 0.341593 0.990789 0.014053 0.018421
0 0.366987 0.980263 0.018984 0.025439
0 0.393121 0.977851 0.012574 0.020614
0 0.418886 0.965351 0.012821 0.023684
0 0.379808 0.935965 0.014053 0.022807
0 0.270587 0.901974 0.012081 0.019737
0 0.297214 0.891886 0.014546 0.021491
0 0.319034 0.883772 0.016272 0.024561
0 0.393491 0.861623 0.014300 0.023246
0 0.417036 0.855263 0.010108 0.019298
0 0.418886 0.891667 0.008383 0.017544
0 0.408407 0.927193 0.013560 0.019298
0 0.106632 0.919079 0.012081 0.024123
0 0.133752 0.913596 0.011095 0.014912
0 0.184911 0.894518 0.016765 0.026754
0 0.211415 0.887500 0.014053 0.025877
0 0.236317 0.880482 0.015533 0.021491
0 0.262821 0.875219 0.016272 0.020614
0 0.283777 0.869737 0.014300 0.018421
0 0.312623 0.856579 0.013314 0.028070
0 0.334196 0.850219 0.015039 0.025877
0 0.356509 0.843640 0.014793 0.022368
0 0.380917 0.834649 0.016272 0.028947
0 0.403969 0.827193 0.014053 0.027193
0 0.429117 0.826974 0.011095 0.024123
0 0.168393 0.870614 0.018245 0.033333
0 0.072855 0.905702 0.013067 0.015789
0 0.090607 0.900000 0.012574 0.019298
0 0.070266 0.878289 0.014300 0.022368
0 0.094798 0.869079 0.013560 0.023246
0 0.121302 0.861842 0.009862 0.017544
0 0.143984 0.851974 0.014793 0.024123
0 0.143491 0.882675 0.011341 0.022368
0 0.190335 0.837500 0.016272 0.028509
0 0.211908 0.833772 0.010108 0.021053
0 0.237673 0.825439 0.017258 0.023684
0 0.250247 0.848465 0.016272 0.022368
0 0.195143 0.864254 0.014053 0.020614
0 0.221031 0.855702 0.011588 0.018421
0 0.303994 0.830921 0.013807 0.019737
0 0.332594 0.826754 0.015286 0.020175
0 0.360947 0.817982 0.015286 0.025439
0 0.385108 0.809868 0.016272 0.024123
0 0.410750 0.799781 0.013314 0.024123
0 0.064842 0.847368 0.007396 0.014912
0 0.104906 0.839035 0.009122 0.013158
0 0.124877 0.835746 0.012081 0.021491
0 0.149285 0.825877 0.010602 0.020175
0 0.195390 0.809430 0.012574 0.023246
0 0.216963 0.801535 0.013807 0.018860
0 0.240508 0.796491 0.012574 0.015789
0 0.263190 0.788377 0.011588 0.022368
0 0.286119 0.782018 0.012574 0.022807
0 0.307692 0.777851 0.012821 0.019737
0 0.329389 0.769956 0.015286 0.024123
0 0.355399 0.762281 0.014546 0.028070
0 0.371672 0.759649 0.013560 0.031579
0 0.260478 0.816447 0.011588 0.020614
0 0.287106 0.810088 0.011588 0.014912
0 0.308185 0.801096 0.015779 0.023246
0 0.334443 0.796053 0.012574 0.020175
0 0.356632 0.787939 0.011095 0.019737
0 0.391519 0.755263 0.009369 0.015789
0 0.411489 0.749342 0.008383 0.015351
0 0.432569 0.743202 0.010602 0.019737
0 0.128821 0.808553 0.011588 0.025000
0 0.177022 0.793640 0.016765 0.017982
0 0.200444 0.783772 0.008876 0.014912
0 0.220168 0.781579 0.015779 0.021053
0 0.241987 0.774561 0.012574 0.014912
0 0.264177 0.769079 0.012574 0.018860
0 0.286366 0.760965 0.014053 0.017544
0 0.308185 0.755044 0.014793 0.024123
0 0.327663 0.750658 0.014793 0.019737
0 0.356139 0.743202 0.011095 0.021491
0 0.368466 0.719079 0.011588 0.023246
0 0.062130 0.803070 0.013807 0.019298
0 0.078772 0.797368 0.011095 0.012281
0 0.109961 0.791667 0.017751 0.017544
0 0.129561 0.783991 0.013067 0.020614
0 0.151874 0.775000 0.012821 0.021053
0 0.174679 0.769956 0.016026 0.022368
0 0.196006 0.762061 0.014793 0.023246
0 0.219305 0.756798 0.012081 0.018860
0 0.240878 0.751754 0.009862 0.015789
0 0.261834 0.746711 0.015286 0.022368
0 0.284147 0.741886 0.012574 0.017105
0 0.306706 0.735965 0.015779 0.019298
0 0.327293 0.728289 0.011095 0.016228
0 0.348003 0.721930 0.011588 0.015789
0 0.387451 0.715789 0.009615 0.016667
0 0.407421 0.708553 0.012574 0.021491
0 0.425912 0.705482 0.011095 0.017105
0 0.062993 0.783333 0.010108 0.017544
0 0.079265 0.775877 0.012081 0.019298
0 0.102564 0.770395 0.013807 0.019737
0 0.120192 0.767544 0.014053 0.015789
0 0.145094 0.759868 0.011588 0.021491
0 0.164818 0.751096 0.013067 0.020614
0 0.185897 0.745614 0.015779 0.021930
0 0.209566 0.739474 0.011341 0.019298
0 0.231139 0.733553 0.012574 0.022368
0 0.249137 0.727412 0.013067 0.017982
0 0.273052 0.724781 0.013560 0.019737
0 0.292653 0.717763 0.017258 0.024123
0 0.313733 0.710526 0.013067 0.028947
0 0.334936 0.703509 0.012574 0.026316
0 0.355399 0.699342 0.013560 0.021491
0 0.375370 0.694956 0.009615 0.021491
0 0.415064 0.686404 0.012081 0.015789
0 0.432322 0.683553 0.012081 0.019737
0 0.070143 0.760088 0.013560 0.023684
0 0.090483 0.753070 0.013807 0.020175
0 0.112056 0.746053 0.013560 0.019298
0 0.131410 0.743640 0.012821 0.025877
0 0.152737 0.733991 0.013067 0.019737
0 0.172337 0.728728 0.012327 0.025877
0 0.194157 0.722149 0.013067 0.020614
0 0.215360 0.717105 0.012574 0.019298
0 0.237426 0.714474 0.013807 0.017544
0 0.256040 0.708114 0.015039 0.022368
0 0.276997 0.705482 0.012081 0.020614
0 0.298940 0.697149 0.014053 0.024123
0 0.320513 0.693202 0.013314 0.024123
0 0.338881 0.688158 0.011095 0.025439
0 0.359591 0.680921 0.011588 0.021491
0 0.379068 0.677412 0.011588 0.017105
0 0.395833 0.672588 0.011588 0.021491
0 0.417283 0.670614 0.011588 0.014035
0 0.435404 0.665132 0.010848 0.022368
0 0.068787 0.726096 0.014300 0.020614
0 0.083210 0.724342 0.012574 0.020614
0 0.095044 0.720833 0.012081 0.021491
0 0.108358 0.715789 0.013560 0.018421
0 0.125863 0.712281 0.011095 0.014035
0 0.146080 0.707018 0.012574 0.014035
0 0.165804 0.699561 0.010108 0.014035
0 0.183802 0.693421 0.011588 0.020175
0 0.204142 0.689693 0.009862 0.017105
0 0.224729 0.681798 0.012574 0.017982
0 0.243960 0.674781 0.011095 0.018860
0 0.263930 0.673246 0.012081 0.017544
0 0.285133 0.666228 0.010602 0.018421
0 0.304487 0.664912 0.010355 0.017544
0 0.324458 0.656360 0.011341 0.019737
0 0.344921 0.651974 0.010355 0.023246
0 0.364522 0.646272 0.011095 0.019737
0 0.379561 0.647368 0.009615 0.015789
0 0.390533 0.642544 0.010355 0.015789
0 0.403230 0.638816 0.010602 0.025000
0 0.419502 0.635965 0.013560 0.021053
0 0.057446 0.700439 0.010355 0.015789
0 0.071376 0.706360 0.011095 0.018860
0 0.089374 0.699561 0.012574 0.017544
0 0.108358 0.695175 0.011588 0.016667
0 0.126356 0.692105 0.012081 0.015789
0 0.143245 0.684868 0.011834 0.017105
0 0.163585 0.679386 0.013067 0.022807
0 0.183062 0.676535 0.013067 0.017105
0 0.199581 0.672807 0.011588 0.022807
0 0.219058 0.668202 0.011588 0.020614
0 0.237919 0.666228 0.009369 0.020175
0 0.231386 0.651754 0.009122 0.019298
0 0.255794 0.662281 0.009615 0.015789
0 0.274408 0.653947 0.010848 0.014912
0 0.292653 0.649561 0.009862 0.014912
0 0.057692 0.679825 0.009862 0.019298
0 0.070883 0.671930 0.012081 0.016667
0 0.088388 0.683772 0.011588 0.014035
0 0.103920 0.662281 0.010108 0.014035
0 0.106016 0.679167 0.013314 0.020614
0 0.123274 0.658772 0.013314 0.013158
0 0.107002 0.679825 0.010848 0.015789
0 0.143738 0.655921 0.010848 0.010965
0 0.124384 0.673684 0.011095 0.018421
0 0.142258 0.669956 0.008876 0.017105
0 0.158531 0.650658 0.011834 0.014474
0 0.058432 0.659211 0.011341 0.019298
0 0.075567 0.654825 0.011095 0.020175
0 0.092702 0.652412 0.013314 0.019737
0 0.112919 0.647807 0.011341 0.018421
0 0.131410 0.642763 0.011341 0.018860
0 0.146326 0.638816 0.011095 0.021491
0 0.163338 0.631579 0.012081 0.016667
0 0.160873 0.664912 0.011588 0.021053
0 0.180843 0.629386 0.010108 0.014035
0 0.178008 0.645614 0.011834 0.017544
0 0.177268 0.660746 0.012327 0.019737
0 0.191938 0.642105 0.012081 0.017544
0 0.194773 0.655482 0.009862 0.014474
0 0.210922 0.639035 0.012574 0.019298
0 0.199088 0.625439 0.008629 0.015789
0 0.216100 0.622368 0.010108 0.014035
0 0.247288 0.632237 0.013314 0.022368
0 0.232988 0.618860 0.011341 0.016667
0 0.249260 0.612719 0.010848 0.016667
0 0.267258 0.608772 0.010355 0.013158
0 0.264793 0.624342 0.011341 0.015351
0 0.283037 0.637061 0.009369 0.015351
0 0.285626 0.609211 0.008629 0.016667
0 0.297461 0.617544 0.008629 0.019298
0 0.299679 0.634211 0.012574 0.016667
0 0.318047 0.626316 0.009862 0.020175
0 0.335182 0.621053 0.013067 0.021053
0 0.349482 0.606360 0.008629 0.012719
0 0.333333 0.595833 0.009369 0.017982
0 0.351824 0.592544 0.010355 0.014035
0 0.343319 0.583553 0.010602 0.015351
0 0.307816 0.591667 0.008136 0.012281
0 0.288831 0.594298 0.008629 0.013158
0 0.342825 0.561184 0.007643 0.010965
0 0.322855 0.587281 0.007643 0.013158
0 0.323471 0.573026 0.005917 0.012719
0 0.325814 0.562719 0.008136 0.013158
0 0.329882 0.551754 0.007890 0.014912
0 0.220291 0.611623 0.011588 0.017105
0 0.218319 0.597149 0.008629 0.015351
0 0.168762 0.609211 0.010602 0.014035
0 0.171721 0.596711 0.010108 0.015351
0 0.154093 0.614912 0.009369 0.013158
0 0.103920 0.627193 0.008136 0.014035
0 0.119946 0.623246 0.010602 0.014035
0 0.068787 0.635307 0.011341 0.014474
0 0.038092 0.634868 0.008136 0.010965
0 0.059665 0.617105 0.008383 0.010526
0 0.079389 0.621491 0.010848 0.017544
0 0.092702 0.593860 0.009369 0.014912
0 0.103920 0.603728 0.008136 0.011842
0 0.122411 0.606360 0.010108 0.015351
0 0.140779 0.606140 0.007396 0.010526
0 0.129191 0.566009 0.010848 0.013596
0 0.112179 0.569298 0.009862 0.013158
0 0.080128 0.580044 0.009369 0.012719
0 0.038215 0.602412 0.008876 0.011842
0 0.013067 0.588816 0.009862 0.015351
0 0.025271 0.585307 0.010602 0.015351
0 0.039694 0.582237 0.008383 0.014474
0 0.054241 0.578070 0.008383 0.013158
0 0.066815 0.574561 0.007396 0.013158
0 0.143491 0.560307 0.011341 0.015351
0 0.151997 0.580044 0.008136 0.010965
0 0.152860 0.546491 0.007396 0.011404
0 0.176159 0.550000 0.010108 0.014912
0 0.187623 0.591009 0.008383 0.012719
0 0.221647 0.538158 0.007890 0.012281
0 0.189472 0.546491 0.008629 0.014035
0 0.197115 0.535746 0.008136 0.011842
0 0.210306 0.534211 0.008876 0.017544
0 0.237426 0.536184 0.008383 0.011842
0 0.232865 0.547807 0.007643 0.014035
0 0.229536 0.558553 0.007396 0.014474
0 0.252342 0.532675 0.010108 0.015351
0 0.268738 0.530702 0.007396 0.013158
0 0.260478 0.542763 0.009122 0.014474
0 0.284024 0.523904 0.007396 0.014474
0 0.289078 0.534868 0.008136 0.015351
0 0.300173 0.520833 0.009615 0.015351
0 0.292036 0.513377 0.006657 0.016228
0 0.299556 0.569956 0.008383 0.014474
0 0.281188 0.558991 0.008136 0.010965
0 0.283037 0.573684 0.009369 0.014035
0 0.264793 0.588158 0.007396 0.016667
0 0.319896 0.530921 0.008136 0.016228
0 0.321499 0.510746 0.008383 0.015351
0 0.311021 0.502632 0.008629 0.014912
0 0.333087 0.528947 0.007890 0.014035
0 0.330991 0.516228 0.008629 0.014912
0 0.336908 0.499342 0.008629 0.016228
0 0.349482 0.496711 0.008629 0.010088
0 0.345537 0.526096 0.008629 0.011842
0 0.358605 0.546711 0.008136 0.014474
0 0.095907 0.572588 0.010355 0.013596
0 0.071869 0.561623 0.008136 0.011842
0 0.083457 0.562061 0.008629 0.014474
0 0.096277 0.555263 0.009615 0.013158
0 0.127835 0.537281 0.010602 0.013158
0 0.118466 0.541667 0.008629 0.014035
0 0.109961 0.542325 0.008383 0.012719
0 0.169625 0.523904 0.007396 0.011842
0 0.181583 0.523465 0.007150 0.010965
0 0.217086 0.497149 0.008629 0.010965
0 0.177268 0.509649 0.010355 0.014035
0 0.181953 0.498465 0.007890 0.010088
0 0.173817 0.495395 0.007890 0.016228
0 0.168516 0.500658 0.006657 0.008333
0 0.166297 0.511623 0.010108 0.012719
0 0.126603 0.523684 0.007643 0.009649
0 0.131410 0.513158 0.007890 0.009649
0 0.142012 0.506798 0.006410 0.012719
0 0.140163 0.494298 0.006164 0.008772
0 0.105153 0.514474 0.008136 0.012281
0 0.113412 0.528070 0.007890 0.008772
0 0.118713 0.519737 0.009122 0.010526
0 0.057569 0.507895 0.007150 0.008772
0 0.070636 0.502632 0.006657 0.011404
0 0.081977 0.498904 0.006657 0.009211
0 0.037968 0.519298 0.006903 0.012281
0 0.190582 0.482675 0.007890 0.009211
0 0.201430 0.487939 0.005917 0.008333
0 0.232742 0.507895 0.007396 0.010526
0 0.244206 0.499123 0.007150 0.009649
0 0.255424 0.497149 0.007396 0.012719
0 0.274778 0.499561 0.007150 0.010526
0 0.275271 0.512281 0.008136 0.014035
0 0.282051 0.482237 0.005917 0.011842
0 0.440459 0.959649 0.018491 0.022807
0 0.464620 0.953070 0.017998 0.019298
0 0.485454 0.944518 0.013807 0.021491
0 0.449704 0.990570 0.018738 0.018860
0 0.474112 0.985307 0.011341 0.028509
0 0.500493 0.972149 0.017258 0.028509
0 0.525888 0.963158 0.017258 0.028947
0 0.549310 0.954167 0.016765 0.028509
0 0.573471 0.945395 0.017751 0.030263
0 0.595414 0.937939 0.016765 0.032018
0 0.622904 0.928947 0.014546 0.034211
0 0.621672 0.980482 0.017012 0.032895
0 0.509492 0.934211 0.015533 0.021053
0 0.535996 0.919956 0.016765 0.032895
0 0.559418 0.915789 0.018245 0.032456
0 0.577416 0.905702 0.018245 0.035088
0 0.600468 0.900219 0.017505 0.032018
0 0.622535 0.891447 0.017258 0.031140
0 0.471770 0.905482 0.014546 0.021491
0 0.498397 0.891447 0.014546 0.025877
0 0.541050 0.884649 0.014546 0.023684
0 0.563856 0.874123 0.014793 0.027193
0 0.588757 0.867763 0.015286 0.025877
0 0.607495 0.855482 0.015286 0.032018
0 0.624753 0.856798 0.017751 0.028509
0 0.489275 0.868421 0.010602 0.014912
0 0.534393 0.855044 0.014546 0.022368
0 0.559665 0.844737 0.013314 0.024561
0 0.580128 0.841009 0.012821 0.025000
0 0.606139 0.833772 0.012574 0.020175
0 0.627589 0.832018 0.012574 0.023684
0 0.441568 0.850439 0.012821 0.020175
0 0.511341 0.828070 0.010355 0.017544
0 0.532051 0.823465 0.010355 0.017982
0 0.553131 0.814474 0.012081 0.021053
0 0.574088 0.805482 0.011588 0.019737
0 0.596031 0.801316 0.010108 0.019298
0 0.627589 0.795833 0.010602 0.019737
0 0.627342 0.765789 0.011095 0.026316
0 0.595537 0.771272 0.010602 0.017982
0 0.574951 0.777632 0.011834 0.021930
0 0.556460 0.778070 0.015779 0.027193
0 0.537352 0.788158 0.014053 0.026316
0 0.514300 0.793421 0.014793 0.029825
0 0.491248 0.802193 0.012081 0.023684
0 0.472140 0.809430 0.013807 0.025877
0 0.449827 0.815570 0.012081 0.028509
0 0.435651 0.789474 0.014793 0.023684
0 0.460306 0.785965 0.013314 0.021053
0 0.484344 0.779825 0.010602 0.019298
0 0.507766 0.772149 0.013560 0.017982
0 0.535133 0.764474 0.013560 0.028070
0 0.556090 0.758991 0.011588 0.017982
0 0.579635 0.753728 0.010848 0.016228
0 0.627465 0.718421 0.011341 0.019298
0 0.442678 0.763596 0.014546 0.024561
0 0.463757 0.758991 0.011834 0.022368
0 0.482002 0.754605 0.012821 0.019737
0 0.541174 0.739254 0.011834 0.019737
0 0.560404 0.735746 0.011834 0.022368
0 0.580375 0.733114 0.010355 0.015351
0 0.617480 0.643640 0.010108 0.021491
0 0.605769 0.643860 0.010848 0.021053
0 0.590113 0.648246 0.011095 0.026316
0 0.573225 0.649561 0.011341 0.023684
0 0.556336 0.652193 0.010602 0.023684
0 0.538092 0.653728 0.011095 0.022368
0 0.522436 0.657456 0.010848 0.024561
0 0.505917 0.662281 0.011341 0.027193
0 0.488166 0.665789 0.012821 0.022807
0 0.449211 0.675877 0.011834 0.021053
0 0.452416 0.656579 0.010355 0.019298
0 0.467825 0.655482 0.012081 0.018860
0 0.494083 0.636623 0.010355 0.018860
0 0.455005 0.628289 0.010602 0.018860
0 0.468442 0.624561 0.009369 0.016667
0 0.488166 0.621711 0.011341 0.019737
0 0.506040 0.620395 0.007643 0.010965
0 0.543762 0.626535 0.009615 0.017982
0 0.559788 0.625219 0.009122 0.012719
0 0.574827 0.622807 0.008629 0.015789
0 0.590113 0.621491 0.008629 0.013158
0 0.507027 0.604167 0.008136 0.015351
0 0.460059 0.614474 0.009862 0.024561
0 0.481139 0.596053 0.006657 0.012281
0 0.433185 0.603289 0.007890 0.014474
0 0.494453 0.594298 0.008136 0.013158
0 0.510108 0.589912 0.009862 0.015789
0 0.535133 0.602193 0.010602 0.014035
0 0.553378 0.612500 0.011095 0.015351
0 0.524778 0.590132 0.007643 0.011842
0 0.401381 0.610307 0.011341 0.014474
0 0.384862 0.614474 0.008876 0.017544
0 0.384369 0.599123 0.010848 0.017544
0 0.399901 0.596272 0.010848 0.017105
0 0.359714 0.579605 0.011834 0.017105
0 0.368343 0.565570 0.009369 0.014474
0 0.397806 0.564912 0.009615 0.013158
0 0.380178 0.563158 0.009862 0.012281
0 0.413831 0.580263 0.009615 0.013158
0 0.424556 0.568202 0.007890 0.017982
0 0.464127 0.583772 0.011588 0.014912
0 0.475838 0.573246 0.010848 0.014912
0 0.526257 0.575439 0.010602 0.014912
0 0.539941 0.573904 0.011341 0.016228
0 0.554364 0.571053 0.009122 0.013158
0 0.567801 0.567763 0.009369 0.016228
0 0.582224 0.565351 0.010602 0.011404
0 0.597263 0.561842 0.008629 0.012281
0 0.583333 0.577851 0.008876 0.015351
0 0.596031 0.575658 0.010108 0.012719
0 0.398545 0.548026 0.010602 0.010965
0 0.411736 0.546491 0.009862 0.013158
0 0.425173 0.546491 0.009122 0.012281
0 0.451800 0.541009 0.009122 0.010965
0 0.696746 0.955044 0.015286 0.017982
0 0.695883 0.913158 0.014053 0.020175
0 0.689596 0.840132 0.011834 0.022368
0 0.688363 0.812500 0.010848 0.015351
0 0.683062 0.759211 0.009615 0.018421
0 0.681583 0.733772 0.009122 0.018421
0 0.680350 0.711404 0.009122 0.009649
0 0.678378 0.691886 0.009615 0.012719
0 0.678008 0.671491 0.008876 0.013158
0 0.676652 0.652632 0.007643 0.010526
0 0.676159 0.636404 0.010108 0.014035
0 0.675049 0.619079 0.010355 0.011842
0 0.672461 0.593202 0.008136 0.010965
0 0.723619 0.944956 0.013314 0.021491
0 0.745316 0.942763 0.016272 0.022368
0 0.766272 0.934211 0.015779 0.021053
0 0.753328 0.980263 0.015039 0.021053
0 0.784024 0.972807 0.014300 0.020175
0 0.710306 0.873465 0.014300 0.028509
0 0.728920 0.862719 0.012081 0.026316
0 0.749384 0.859430 0.011588 0.025877
0 0.788708 0.850877 0.013807 0.018421
0 0.823471 0.868860 0.014793 0.025439
0 0.891889 0.889035 0.012574 0.021053
0 0.926282 0.874123 0.014793 0.027193
0 0.943294 0.864254 0.015286 0.023246
0 0.860947 0.825000 0.011834 0.016667
0 0.895464 0.811404 0.013314 0.028947
0 0.948225 0.800439 0.011834 0.016667
0 0.976208 0.788816 0.014546 0.019737
0 0.697732 0.754386 0.009369 0.014912
0 0.711538 0.750219 0.009369 0.016228
0 0.731386 0.745175 0.011095 0.015789
0 0.746918 0.738377 0.009122 0.016228
0 0.767012 0.735746 0.010355 0.015351
0 0.784270 0.730702 0.010848 0.014912
0 0.801898 0.730044 0.010108 0.016228
0 0.818047 0.727193 0.011341 0.017544
0 0.836662 0.722807 0.011588 0.013158
0 0.854043 0.718421 0.011341 0.016667
0 0.868836 0.714693 0.009369 0.017105
0 0.884985 0.709868 0.012081 0.018860
0 0.901874 0.703509 0.009862 0.014912
0 0.913585 0.698026 0.009615 0.014474
0 0.928131 0.692544 0.009122 0.014035
0 0.943910 0.689912 0.010108 0.016667
0 0.957840 0.689912 0.008876 0.016667
0 0.697485 0.730702 0.013314 0.020175
0 0.716963 0.726096 0.010848 0.012719
0 0.766272 0.712281 0.010848 0.016667
0 0.801898 0.709211 0.010108 0.017544
0 0.819773 0.702193 0.015286 0.020175
0 0.836415 0.696491 0.012081 0.020175
0 0.856509 0.692763 0.008876 0.014474
0 0.872781 0.691667 0.009369 0.014912
0 0.887574 0.684649 0.011834 0.014912
0 0.905572 0.680263 0.010848 0.014035
0 0.920858 0.676974 0.011834 0.017105
0 0.936637 0.674561 0.009862 0.018421
0 0.951060 0.669737 0.010108 0.014912
0 0.969428 0.668640 0.007890 0.016228
0 0.696006 0.705702 0.009862 0.017544
0 0.720044 0.701316 0.011095 0.017544
0 0.736563 0.696930 0.011095 0.018421
0 0.772189 0.691228 0.010848 0.014035
0 0.787229 0.689254 0.009862 0.013596
0 0.819403 0.678070 0.010108 0.014912
0 0.851208 0.674342 0.008629 0.014474
0 0.866248 0.674342 0.008136 0.011842
0 0.879684 0.669298 0.011341 0.016667
0 0.892998 0.665789 0.009369 0.013158
0 0.912106 0.662281 0.010108 0.014035
0 0.720044 0.682018 0.010108 0.013158
0 0.724112 0.642982 0.009862 0.013158
0 0.739645 0.639912 0.009369 0.014035
0 0.754315 0.635088 0.009615 0.013158
0 0.741864 0.659430 0.008383 0.014474
0 0.758876 0.654386 0.010848 0.014035
0 0.770340 0.632456 0.009615 0.014912
0 0.700321 0.628728 0.009615 0.017982
0 0.710059 0.645614 0.008876 0.010526
0 0.716716 0.627632 0.008876 0.014912
0 0.732742 0.626096 0.012327 0.012719
0 0.748274 0.621711 0.007890 0.013596
0 0.762574 0.622807 0.009862 0.013158
0 0.775025 0.618860 0.009122 0.012281
0 0.790927 0.616228 0.010848 0.014035
0 0.803994 0.614035 0.008876 0.016667
0 0.817801 0.609868 0.009862 0.017105
0 0.841346 0.624123 0.010108 0.013158
0 0.856755 0.619956 0.009369 0.011842
0 0.870316 0.618860 0.009369 0.014035
0 0.883876 0.614693 0.009862 0.017982
0 0.896573 0.610526 0.011095 0.016667
0 0.910750 0.608991 0.009369 0.015351
0 0.923817 0.606360 0.008876 0.013596
0 0.936391 0.604605 0.009369 0.017105
0 0.949334 0.602193 0.008629 0.016667
0 0.960676 0.599342 0.008629 0.012719
0 0.971647 0.596272 0.007890 0.013596
0 0.983851 0.596272 0.010108 0.017105
0 0.685035 0.613158 0.008136 0.016667
0 0.685035 0.591009 0.009122 0.015351
0 0.734961 0.596053 0.010848 0.014035
0 0.742480 0.607675 0.008629 0.012719
0 0.730893 0.571491 0.009122 0.014035
0 0.755671 0.578728 0.009369 0.011842
0 0.763560 0.592982 0.006410 0.009649
0 0.801775 0.596930 0.007396 0.013158
0 0.778476 0.593202 0.008629 0.012719
0 0.794132 0.575000 0.007890 0.014035
0 0.852194 0.579605 0.007643 0.010965
0 0.863166 0.577851 0.007396 0.013596
0 0.879931 0.587281 0.012327 0.014912
0 0.893491 0.582895 0.009369 0.016667
0 0.901381 0.572368 0.009369 0.014035
0 0.913585 0.568640 0.008629 0.014474
0 0.926529 0.567763 0.008876 0.010088
0 0.937623 0.565570 0.007890 0.014474
0 0.944527 0.589912 0.007396 0.015789
0 0.848496 0.797149 0.012574 0.020614
0 0.883259 0.786404 0.009615 0.015789
0 0.913215 0.777632 0.012327 0.021930
0 0.841716 0.744079 0.013314 0.017982
0 0.858111 0.737719 0.012081 0.017544
0 0.875863 0.734868 0.011588 0.014474
0 0.894847 0.729605 0.009615 0.015351
0 0.912968 0.726535 0.010848 0.018860
0 0.926898 0.721272 0.013067 0.020614
0 0.942308 0.714693 0.011834 0.016228
0 0.956484 0.709430 0.011095 0.019737
0 0.970291 0.706798 0.010602 0.018860
0 0.984221 0.701754 0.010355 0.014912
0 0.974606 0.689912 0.012821 0.025439
0 0.987179 0.679386 0.012821 0.021053
0 0.948225 0.739912 0.010848 0.021053
0 0.959320 0.736623 0.011341 0.020614
0 0.972880 0.732018 0.011834 0.021930
0 0.986933 0.727193 0.010848 0.018421
0 0.984591 0.756140 0.011588 0.019298
0 0.995809 0.750000 0.008383 0.023684
0 0.964867 0.819298 0.011588 0.023684
0 0.991617 0.985526 0.014793 0.028947
0 0.966839 0.988816 0.014546 0.022368
