0 0.154093 0.908114 0.149901 0.183772
0 0.222140 0.546491 0.116864 0.192982
0 0.268738 0.284430 0.103057 0.160088
0 0.294995 0.125000 0.082594 0.112281
0 0.039694 0.361623 0.078895 0.181140
0 0.102071 0.149123 0.106016 0.175439
0 0.171228 0.045833 0.107249 0.080263
0 0.475592 0.891886 0.122288 0.216228
0 0.495562 0.553070 0.116864 0.194737
0 0.501972 0.308114 0.086785 0.150439
0 0.499260 0.148026 0.090237 0.135526
0 0.500370 0.035526 0.070759 0.070175
0 0.836415 0.946272 0.114645 0.107456
0 0.779586 0.586404 0.121302 0.173684
0 0.740385 0.350877 0.092209 0.133333
0 0.712032 0.160307 0.104043 0.148684
0 0.687870 0.037500 0.094181 0.070614
0 0.981139 0.441447 0.037722 0.127632
0 0.936514 0.250000 0.070759 0.129825
0 0.884122 0.094518 0.062130 0.096930
