0 0.155695 0.939693 0.108235 0.120614
0 0.080005 0.391009 0.070759 0.122368
0 0.111686 0.220395 0.054734 0.078509
0 0.140656 0.096491 0.065335 0.120175
0 0.262821 0.289912 0.054734 0.079825
0 0.274162 0.148904 0.066568 0.095175
0 0.295488 0.040351 0.057939 0.076316
0 0.440828 0.866667 0.093195 0.154386
0 0.440828 0.620833 0.050296 0.093421
0 0.440828 0.429167 0.050296 0.083772
0 0.438116 0.256579 0.079389 0.112281
0 0.436514 0.124123 0.071746 0.099123
0 0.671844 0.764912 0.122288 0.175439
0 0.639177 0.522807 0.097387 0.133333
0 0.620439 0.307237 0.088018 0.137281
0 0.595661 0.137500 0.085799 0.114474
0 0.588141 0.037500 0.083580 0.074123
0 0.439719 0.029825 0.090976 0.058772
0 0.725345 0.042325 0.068540 0.083772
0 0.748521 0.157456 0.067554 0.085965
0 0.797830 0.289035 0.063116 0.093860
0 0.833703 0.440570 0.068787 0.106579
0 0.883506 0.660746 0.089004 0.127632
0 0.945759 0.946272 0.091223 0.107456
0 0.933925 0.203289 0.067554 0.112719
0 0.971031 0.343421 0.057939 0.144737
