0 0.082594 0.879386 0.056706 0.141228
0 0.214867 0.896272 0.047091 0.083772
0 0.327663 0.898904 0.047337 0.093421
0 0.438240 0.933553 0.048077 0.108333
0 0.552022 0.954825 0.035503 0.071930
0 0.654463 0.905702 0.053501 0.117544
0 0.347510 0.789474 0.037229 0.076316
0 0.542160 0.787281 0.042899 0.068421
0 0.126726 0.827851 0.039448 0.093421
0 0.155449 0.746711 0.037722 0.108333
0 0.184172 0.700439 0.036489 0.085965
0 0.209813 0.645395 0.036489 0.077632
0 0.231879 0.613816 0.033284 0.072368
0 0.250370 0.568860 0.031805 0.066667
0 0.267505 0.530702 0.025641 0.063158
0 0.285380 0.505044 0.028846 0.060965
0 0.239152 0.824781 0.031065 0.096930
0 0.257027 0.745395 0.034270 0.072368
0 0.279463 0.699781 0.023422 0.064474
0 0.297091 0.651316 0.024655 0.058772
0 0.364522 0.721930 0.024901 0.063158
0 0.310035 0.611404 0.022436 0.063158
0 0.051652 0.783553 0.044132 0.091667
0 0.090237 0.724781 0.039448 0.068860
0 0.113166 0.673246 0.034024 0.053509
0 0.139300 0.640351 0.031065 0.053509
0 0.186514 0.565132 0.033284 0.047807
0 0.203156 0.532895 0.025641 0.056140
0 0.224606 0.504167 0.025641 0.047807
0 0.537106 0.718860 0.033284 0.069298
0 0.537229 0.654825 0.024655 0.055263
0 0.536736 0.610088 0.021696 0.064912
0 0.454019 0.717325 0.027860 0.060965
0 0.456238 0.651316 0.023915 0.066667
0 0.458087 0.589474 0.024655 0.064912
0 0.459443 0.543202 0.027860 0.053070
0 0.372165 0.670395 0.033284 0.067105
0 0.386095 0.619737 0.028600 0.053509
0 0.395957 0.573246 0.026134 0.051754
0 0.409024 0.513816 0.032051 0.046930
0 0.335799 0.554825 0.026627 0.049123
0 0.628945 0.754167 0.034517 0.059211
0 0.614522 0.702851 0.033284 0.055702
0 0.610084 0.654167 0.032791 0.053070
0 0.598866 0.581360 0.030079 0.049561
0 0.584813 0.544518 0.025641 0.044298
0 0.523669 0.549781 0.021696 0.047807
0 0.577170 0.500658 0.026134 0.047807
0 0.735947 0.802632 0.042899 0.069298
0 0.714374 0.737939 0.034270 0.053947
0 0.698102 0.669518 0.035256 0.057456
0 0.678748 0.615132 0.024655 0.055702
0 0.655819 0.543202 0.025641 0.034649
0 0.648176 0.518860 0.019231 0.030702
0 0.855030 0.869518 0.040434 0.060965
0 0.811514 0.798246 0.033284 0.047368
0 0.788955 0.740132 0.024655 0.049561
0 0.763807 0.676974 0.036489 0.057456
0 0.747165 0.634211 0.028846 0.055263
0 0.734221 0.583553 0.031065 0.060965
0 0.704882 0.530702 0.019231 0.043860
0 0.878575 0.754167 0.038708 0.059211
0 0.850592 0.697588 0.036489 0.046053
0 0.833087 0.651974 0.028600 0.064474
0 0.809295 0.613158 0.022436 0.045614
0 0.790804 0.579825 0.021450 0.049123
0 0.769724 0.546053 0.016272 0.043860
0 0.752959 0.529167 0.018245 0.054825
0 0.732372 0.482895 0.016026 0.043860
0 0.962648 0.755044 0.033284 0.084649
0 0.922091 0.691009 0.027120 0.078509
0 0.932816 0.622588 0.020464 0.044298
0 0.038585 0.665132 0.025394 0.038158
0 0.066075 0.628509 0.020217 0.032456
0 0.116248 0.561623 0.017998 0.034649
0 0.141026 0.528509 0.023669 0.031579
0 0.161366 0.502632 0.023915 0.035965
0 0.182816 0.473904 0.017998 0.034649
0 0.207594 0.446711 0.014793 0.025000
0 0.015163 0.596930 0.025888 0.059649
0 0.044379 0.573246 0.027613 0.043860
0 0.069034 0.536404 0.029093 0.038596
0 0.093319 0.500439 0.026874 0.051754
0 0.118960 0.493860 0.017012 0.041228
0 0.139793 0.471053 0.023176 0.035965
0 0.160010 0.449781 0.020217 0.040789
0 0.176159 0.429825 0.017998 0.028070
0 0.030079 0.512939 0.026134 0.042544
0 0.056953 0.494737 0.021696 0.038596
0 0.105030 0.451974 0.021696 0.037281
0 0.123521 0.437939 0.017258 0.038158
0 0.140163 0.418202 0.015039 0.034649
0 0.155449 0.401316 0.013560 0.032456
0 0.035873 0.474781 0.019477 0.040789
0 0.053748 0.450439 0.021203 0.037719
0 0.071376 0.438816 0.018491 0.052193
0 0.089744 0.424123 0.015779 0.041228
0 0.123028 0.398246 0.019231 0.041228
0 0.139177 0.383553 0.013067 0.037281
0 0.153107 0.375439 0.014793 0.046491
0 0.164078 0.363158 0.015039 0.028070
0 0.184172 0.380044 0.015779 0.034649
0 0.018738 0.438158 0.018738 0.036842
0 0.045365 0.416667 0.019231 0.046491
0 0.063733 0.404167 0.018984 0.037281
0 0.084443 0.388158 0.020957 0.046491
0 0.102441 0.376316 0.012574 0.028070
0 0.322239 0.435965 0.013807 0.036842
0 0.415311 0.476096 0.016026 0.038158
0 0.466223 0.486623 0.021696 0.047807
0 0.526504 0.494737 0.019477 0.046491
0 0.471524 0.440132 0.019477 0.042544
0 0.872658 0.615132 0.019477 0.034649
0 0.826307 0.542544 0.019477 0.041228
0 0.787229 0.486404 0.014793 0.026316
0 0.769724 0.466667 0.017258 0.033333
0 0.721031 0.457895 0.015039 0.038596
0 0.703526 0.429167 0.012081 0.032018
0 0.685035 0.394737 0.017998 0.045614
0 0.693664 0.498246 0.017012 0.057895
0 0.679241 0.462281 0.015779 0.046491
0 0.632890 0.479167 0.015779 0.047807
0 0.620809 0.442325 0.016765 0.042544
0 0.959813 0.657895 0.021696 0.043860
0 0.901381 0.575439 0.017258 0.046491
0 0.880671 0.549123 0.019231 0.039474
0 0.863536 0.525439 0.017998 0.042105
0 0.838881 0.494518 0.013067 0.024123
0 0.805227 0.449781 0.015779 0.031140
0 0.792530 0.429167 0.016519 0.038158
0 0.784887 0.407895 0.015039 0.055263
0 0.772313 0.393202 0.016519 0.049561
0 0.760602 0.375439 0.014793 0.049123
0 0.940952 0.564474 0.020957 0.065789
0 0.918393 0.535746 0.020710 0.066228
0 0.900148 0.517325 0.014300 0.053070
0 0.879808 0.489474 0.017505 0.042982
0 0.859221 0.471053 0.014793 0.028947
0 0.844798 0.449781 0.019477 0.039912
0 0.828156 0.432895 0.019724 0.030702
0 0.816938 0.408553 0.017012 0.041667
0 0.801652 0.395395 0.016519 0.033772
0 0.975592 0.546711 0.018245 0.036404
0 0.951800 0.521930 0.016519 0.037719
0 0.926036 0.491667 0.018245 0.037719
0 0.907668 0.475439 0.016026 0.028070
0 0.874384 0.432018 0.016026 0.022807
0 0.859221 0.410088 0.014793 0.031579
0 0.990385 0.499781 0.015779 0.054825
0 0.965607 0.485088 0.016026 0.043860
0 0.946252 0.468640 0.014300 0.041667
0 0.929487 0.445833 0.018245 0.040789
0 0.912229 0.427851 0.014793 0.039912
0 0.897929 0.416667 0.014793 0.033333
0 0.882520 0.395833 0.016026 0.039035
0 0.868713 0.380482 0.011588 0.028509
0 0.850345 0.367105 0.014793 0.036842
0 0.808555 0.358333 0.016026 0.031579
0 0.827663 0.340351 0.015286 0.031579
0 0.743960 0.425877 0.014546 0.029825
0 0.734221 0.410965 0.013314 0.030702
0 0.571376 0.470614 0.019970 0.037719
0 0.713634 0.371930 0.012081 0.037719
0 0.660750 0.353947 0.013314 0.030702
0 0.972633 0.409868 0.014300 0.034649
0 0.953772 0.393202 0.013067 0.046053
0 0.936637 0.378947 0.014300 0.037719
0 0.921351 0.367325 0.013807 0.034649
0 0.908407 0.361404 0.012081 0.031579
0 0.893368 0.348246 0.012574 0.025439
0 0.879808 0.336184 0.013067 0.027632
0 0.866617 0.323246 0.010848 0.032456
0 0.854660 0.312500 0.012081 0.041667
0 0.845168 0.310526 0.010355 0.029825
0 0.804734 0.322807 0.011834 0.033333
0 0.794502 0.315789 0.008629 0.025439
0 0.747041 0.368202 0.011341 0.028509
0 0.968442 0.301535 0.006903 0.021491
0 0.952909 0.325877 0.010355 0.025439
0 0.517998 0.463596 0.016765 0.037719
0 0.516026 0.418640 0.019724 0.029386
0 0.654586 0.417544 0.014300 0.031579
0 0.641026 0.390132 0.012821 0.027632
0 0.989645 0.402851 0.013807 0.030263
0 0.982125 0.366667 0.011588 0.033333
0 0.929734 0.310088 0.010848 0.022807
0 0.918516 0.305482 0.009122 0.019737
0 0.908531 0.300439 0.007396 0.019298
0 0.734714 0.355482 0.009862 0.039912
