0 0.068294 0.085088 0.068540 0.100877
0 0.204019 0.276535 0.052515 0.106579
0 0.147682 0.439693 0.062130 0.108333
0 0.078526 0.603728 0.095414 0.158333
0 0.342209 0.662939 0.097633 0.169737
0 0.373274 0.366228 0.065582 0.152632
0 0.411859 0.202193 0.058925 0.099123
0 0.595291 0.614254 0.089004 0.171491
0 0.598866 0.373904 0.074951 0.145175
0 0.608605 0.201316 0.059911 0.112281
0 0.617727 0.064912 0.056953 0.107018
0 0.787106 0.158553 0.041667 0.083772
0 0.963388 0.149781 0.066321 0.101316
0 0.933925 0.034649 0.065582 0.068421
