0 0.039324 0.036623 0.057939 0.072368
0 0.201183 0.019298 0.062130 0.037719
0 0.175049 0.090570 0.048323 0.059211
0 0.089250 0.349123 0.078402 0.110526
0 0.039078 0.573026 0.077663 0.158333
0 0.295611 0.177412 0.062130 0.083772
0 0.273669 0.294956 0.067554 0.093421
0 0.239275 0.466228 0.084566 0.108772
0 0.191568 0.698904 0.081361 0.116228
0 0.146573 0.942544 0.083580 0.114912
0 0.458580 0.053509 0.062130 0.072807
0 0.453649 0.143202 0.061144 0.080263
0 0.451060 0.280482 0.064349 0.095175
0 0.438116 0.432018 0.081361 0.142982
0 0.428008 0.638158 0.097633 0.142982
0 0.413462 0.908772 0.109467 0.165789
0 0.582840 0.046930 0.060158 0.078070
0 0.595168 0.160307 0.061144 0.091667
0 0.602194 0.293860 0.051529 0.087719
0 0.631657 0.458772 0.106016 0.142982
0 0.647806 0.687500 0.108235 0.189035
0 0.685774 0.943421 0.107249 0.113158
0 0.770957 0.205044 0.067554 0.101316
0 0.787106 0.324342 0.069773 0.080263
0 0.830498 0.475877 0.079142 0.108772
0 0.871179 0.703947 0.083580 0.110526
0 0.856755 0.025000 0.054734 0.049123
0 0.893738 0.095614 0.072978 0.110526
0 0.932939 0.210746 0.067554 0.112719
0 0.975838 0.051754 0.048323 0.087719
