0 0.008629 0.893860 0.016765 0.024561
0 0.012081 0.927851 0.014300 0.025877
0 0.015163 0.960746 0.018491 0.032018
0 0.021080 0.990351 0.020957 0.018421
0 0.105893 0.985965 0.017998 0.028070
0 0.090730 0.924123 0.013807 0.023684
0 0.084813 0.896053 0.015286 0.021053
0 0.079389 0.873904 0.014793 0.024123
0 0.070020 0.844518 0.014793 0.020614
0 0.064719 0.817325 0.013067 0.019737
0 0.058309 0.796930 0.014546 0.016667
0 0.053378 0.774781 0.013560 0.017105
0 0.050173 0.754167 0.012081 0.015351
0 0.046721 0.733553 0.012081 0.014474
0 0.041667 0.714474 0.010848 0.011404
0 0.038092 0.695395 0.011095 0.013596
0 0.030819 0.668860 0.008876 0.013158
0 0.027244 0.654167 0.008136 0.011842
0 0.167036 0.982018 0.017505 0.017544
0 0.363166 0.940132 0.012327 0.025000
0 0.342949 0.966009 0.016272 0.026754
0 0.323595 0.987281 0.020957 0.024561
0 0.276874 0.988158 0.015779 0.023684
0 0.299679 0.964474 0.017505 0.033333
0 0.319157 0.937281 0.017505 0.025439
0 0.334443 0.912939 0.014546 0.024123
0 0.350962 0.890351 0.012081 0.026316
0 0.367234 0.868202 0.011095 0.027632
0 0.250863 0.983553 0.017998 0.024123
0 0.267012 0.955702 0.014793 0.024561
0 0.284147 0.927851 0.014546 0.028509
0 0.210306 0.982237 0.016272 0.024123
0 0.229167 0.954825 0.014546 0.021930
0 0.280819 0.884211 0.012821 0.023684
0 0.327663 0.823904 0.012327 0.019737
0 0.342949 0.801974 0.013314 0.021491
0 0.355893 0.789474 0.009122 0.019298
0 0.275518 0.849781 0.010602 0.013596
0 0.290804 0.829167 0.011095 0.018860
0 0.319650 0.792544 0.013560 0.019298
0 0.331361 0.777851 0.011341 0.019737
0 0.132520 0.967325 0.012081 0.019737
0 0.153600 0.944737 0.010355 0.017544
0 0.194527 0.899123 0.010848 0.014035
0 0.229167 0.852632 0.014053 0.022807
0 0.262451 0.817544 0.010602 0.013158
0 0.275518 0.804167 0.010108 0.015351
0 0.318664 0.755044 0.011095 0.015351
0 0.344305 0.726316 0.009615 0.016667
0 0.118220 0.941009 0.013067 0.018860
0 0.136958 0.915132 0.013560 0.028509
0 0.155942 0.898246 0.014546 0.023684
0 0.174310 0.880482 0.009862 0.016228
0 0.193171 0.860088 0.013560 0.021053
0 0.256164 0.788596 0.011341 0.017544
0 0.286736 0.757675 0.011834 0.025000
0 0.299310 0.743860 0.008383 0.019298
0 0.327170 0.718202 0.009369 0.012719
0 0.348743 0.692544 0.012574 0.017544
0 0.176529 0.840789 0.013314 0.013158
0 0.193664 0.821053 0.011588 0.014912
0 0.270957 0.742325 0.010848 0.015351
0 0.296598 0.716009 0.011341 0.016228
0 0.325937 0.686623 0.009862 0.015351
0 0.340237 0.671930 0.010355 0.014035
0 0.350099 0.662281 0.011341 0.015789
0 0.359961 0.652851 0.009369 0.014474
0 0.281312 0.700439 0.008383 0.011404
0 0.296228 0.691009 0.009122 0.011842
0 0.318171 0.665351 0.009122 0.017544
0 0.329389 0.657895 0.009862 0.019298
0 0.338388 0.648465 0.008136 0.016228
0 0.348743 0.638158 0.009122 0.017544
0 0.358728 0.629825 0.009369 0.017544
0 0.150888 0.801316 0.009862 0.014035
0 0.167530 0.782895 0.012574 0.014035
0 0.185158 0.768860 0.012327 0.017544
0 0.231016 0.725439 0.012327 0.016667
0 0.244946 0.710088 0.012574 0.015789
0 0.259246 0.694518 0.012081 0.015351
0 0.273176 0.684430 0.010848 0.012719
0 0.288092 0.671053 0.010108 0.014035
0 0.299803 0.660088 0.010355 0.014912
0 0.312377 0.645395 0.009369 0.015351
0 0.323595 0.635965 0.009615 0.017544
0 0.333950 0.626096 0.010602 0.020614
0 0.345661 0.614474 0.010848 0.016667
0 0.355893 0.609430 0.009122 0.016228
0 0.366248 0.598246 0.007150 0.014912
0 0.087032 0.826974 0.012821 0.017105
0 0.102318 0.812281 0.012327 0.021930
0 0.121795 0.793860 0.011341 0.019298
0 0.137944 0.776974 0.011095 0.017982
0 0.157668 0.761404 0.011095 0.017544
0 0.174310 0.743860 0.012821 0.021930
0 0.191938 0.733553 0.012574 0.018860
0 0.206731 0.718860 0.011588 0.020175
0 0.221524 0.707895 0.010602 0.021053
0 0.236440 0.692544 0.013314 0.017544
0 0.250247 0.679825 0.010848 0.019298
0 0.263437 0.670395 0.012081 0.018860
0 0.277367 0.655702 0.011341 0.015789
0 0.286736 0.646053 0.008383 0.014035
0 0.298817 0.634211 0.009369 0.018421
0 0.311884 0.623246 0.009862 0.019298
0 0.322732 0.616667 0.009862 0.017544
0 0.334320 0.609211 0.009369 0.017544
0 0.344305 0.598904 0.009615 0.015351
0 0.353674 0.591667 0.008136 0.014912
0 0.082964 0.800658 0.015039 0.020614
0 0.103304 0.782895 0.013314 0.020175
0 0.153723 0.737281 0.013560 0.021053
0 0.172091 0.725439 0.011341 0.019298
0 0.188363 0.710088 0.011834 0.016667
0 0.204512 0.696053 0.013067 0.021930
0 0.220168 0.682895 0.011341 0.021053
0 0.235454 0.668860 0.009862 0.016667
0 0.250370 0.660088 0.009122 0.016667
0 0.263314 0.649781 0.011341 0.017105
0 0.278107 0.633553 0.009862 0.017982
0 0.290311 0.623246 0.009615 0.021053
0 0.304364 0.613158 0.008136 0.017544
0 0.328526 0.593860 0.009122 0.019298
0 0.351085 0.576316 0.006903 0.014912
0 0.362303 0.568860 0.008629 0.016667
0 0.075321 0.779167 0.017505 0.018860
0 0.104290 0.757895 0.011834 0.017544
0 0.119576 0.743202 0.011834 0.018860
0 0.135232 0.729167 0.013560 0.016228
0 0.156312 0.715132 0.011834 0.015351
0 0.171721 0.701974 0.012081 0.013596
0 0.186021 0.688816 0.009122 0.013596
0 0.202293 0.674781 0.014546 0.017982
0 0.213018 0.666009 0.011341 0.014474
0 0.230030 0.654167 0.009862 0.017105
0 0.242234 0.646053 0.009122 0.017544
0 0.253082 0.637281 0.010602 0.018421
0 0.265163 0.627851 0.010108 0.013596
0 0.279093 0.615351 0.009369 0.014035
0 0.290311 0.606360 0.009615 0.017105
0 0.302022 0.596711 0.007396 0.013596
0 0.100099 0.737281 0.008876 0.011404
0 0.133013 0.709211 0.008136 0.013158
0 0.151381 0.697588 0.009862 0.013596
0 0.164448 0.685746 0.007890 0.012719
0 0.180227 0.674123 0.009862 0.013158
0 0.190952 0.665132 0.009122 0.012719
0 0.234221 0.634430 0.009862 0.011842
0 0.244453 0.624781 0.008136 0.012719
0 0.256657 0.613816 0.008383 0.014474
0 0.282668 0.596711 0.008136 0.011842
0 0.293516 0.588158 0.009615 0.014035
0 0.303748 0.579825 0.009369 0.013158
0 0.070020 0.691667 0.010848 0.021930
0 0.314596 0.570395 0.009369 0.014474
0 0.324581 0.563816 0.008136 0.017105
0 0.119576 0.699781 0.009862 0.014474
0 0.137574 0.686623 0.009862 0.018860
0 0.153600 0.675439 0.009369 0.013158
0 0.182816 0.651974 0.010108 0.015351
0 0.196869 0.641667 0.011588 0.015789
0 0.210306 0.632237 0.011341 0.015351
0 0.223373 0.621711 0.008383 0.012719
0 0.235084 0.613816 0.010602 0.017105
0 0.247535 0.604167 0.008383 0.012719
0 0.259862 0.595395 0.010355 0.017982
0 0.273669 0.585746 0.011341 0.017105
0 0.284147 0.577632 0.010602 0.017544
0 0.295242 0.571711 0.008629 0.015351
0 0.098373 0.693202 0.011834 0.018860
0 0.114152 0.679167 0.011341 0.021491
0 0.130794 0.667544 0.012574 0.021930
0 0.146080 0.660088 0.011095 0.019298
0 0.177022 0.635088 0.007890 0.016667
0 0.190459 0.625658 0.008136 0.017105
0 0.202170 0.617544 0.008876 0.020175
0 0.214004 0.609430 0.008876 0.020614
0 0.227934 0.600439 0.010108 0.019298
0 0.240015 0.592325 0.008629 0.017105
0 0.251603 0.585088 0.008136 0.017544
0 0.261958 0.575658 0.007150 0.017105
0 0.273792 0.567325 0.008136 0.016228
0 0.284887 0.559211 0.007643 0.016667
0 0.295242 0.554167 0.009615 0.017105
0 0.304734 0.546930 0.007396 0.017544
0 0.314596 0.540351 0.008876 0.020175
0 0.324088 0.532237 0.007150 0.017105
0 0.333457 0.526316 0.007150 0.015789
0 0.351455 0.542544 0.007643 0.014035
0 0.360577 0.537939 0.007150 0.014474
0 0.055104 0.704167 0.010108 0.015351
0 0.050666 0.684430 0.012081 0.015351
0 0.086169 0.684211 0.012081 0.017544
0 0.100962 0.672588 0.012574 0.016228
0 0.120809 0.661404 0.011341 0.018421
0 0.136095 0.650658 0.011834 0.015351
0 0.149655 0.640132 0.009862 0.013596
0 0.163955 0.631579 0.010848 0.014035
0 0.178378 0.621053 0.010602 0.016667
0 0.190089 0.610965 0.011341 0.017544
0 0.102811 0.640789 0.010848 0.013158
0 0.117234 0.630702 0.008136 0.014912
0 0.132890 0.621711 0.009862 0.013596
0 0.148176 0.612281 0.010355 0.014912
0 0.080375 0.636623 0.012327 0.016228
0 0.092086 0.626974 0.012574 0.016228
0 0.107249 0.617544 0.013314 0.017544
0 0.121672 0.610088 0.011095 0.019298
0 0.046721 0.660088 0.013067 0.019298
0 0.052885 0.623904 0.012574 0.018860
0 0.068294 0.613596 0.009862 0.018421
0 0.082964 0.603509 0.011588 0.014035
0 0.027367 0.601974 0.010848 0.014474
0 0.038955 0.593860 0.012821 0.014912
0 0.064596 0.587939 0.009369 0.016228
0 0.073595 0.572588 0.008629 0.012719
0 0.088018 0.564474 0.010355 0.015789
0 0.089004 0.588158 0.009369 0.014035
0 0.101085 0.558772 0.007890 0.013158
0 0.115385 0.551316 0.008876 0.013158
0 0.128575 0.544737 0.008629 0.012281
0 0.142012 0.537939 0.008383 0.011842
0 0.135725 0.588158 0.009122 0.015789
0 0.125370 0.581360 0.009122 0.015351
0 0.111440 0.589474 0.009862 0.015789
0 0.151011 0.545395 0.006657 0.010965
0 0.150025 0.513816 0.007150 0.014474
0 0.168516 0.544518 0.009615 0.015351
0 0.175666 0.561623 0.009615 0.016228
0 0.186021 0.555702 0.008629 0.014035
0 0.211662 0.521053 0.009615 0.013158
0 0.208950 0.554167 0.007643 0.013596
0 0.262451 0.515132 0.008136 0.011842
0 0.161366 0.585088 0.010108 0.014035
0 0.227934 0.559430 0.008629 0.011842
0 0.051529 0.512281 0.007396 0.014035
0 0.075321 0.502632 0.005671 0.016667
0 0.091100 0.504825 0.009122 0.014912
0 0.101085 0.499123 0.006903 0.015789
0 0.036243 0.530044 0.009369 0.013596
0 0.021943 0.511623 0.005917 0.015351
0 0.091593 0.489474 0.006657 0.014912
0 0.116371 0.485088 0.006903 0.014912
0 0.127589 0.479825 0.006657 0.013158
0 0.123028 0.438596 0.006410 0.013158
0 0.137944 0.455702 0.006657 0.016667
0 0.148792 0.471053 0.006164 0.012281
0 0.178008 0.473246 0.007396 0.014035
0 0.164818 0.472588 0.007150 0.014474
0 0.214374 0.499123 0.008136 0.014912
0 0.275148 0.496930 0.007396 0.013158
0 0.185158 0.523904 0.006903 0.017105
0 0.295735 0.478509 0.005178 0.012281
0 0.281805 0.526316 0.006903 0.012281
0 0.291297 0.519737 0.007150 0.014912
0 0.308802 0.509430 0.006164 0.011842
0 0.373521 0.561404 0.010848 0.014912
0 0.385725 0.585088 0.008136 0.018421
0 0.375247 0.592544 0.007890 0.014912
0 0.370809 0.639474 0.008383 0.020175
0 0.380178 0.629825 0.007396 0.017544
0 0.391889 0.620395 0.008136 0.015351
0 0.409517 0.603289 0.006903 0.015351
0 0.419009 0.595395 0.008136 0.017982
0 0.427022 0.590351 0.006903 0.020175
0 0.435651 0.579825 0.005917 0.014035
0 0.443664 0.571930 0.006657 0.017544
0 0.369453 0.668202 0.011095 0.029386
0 0.380794 0.655702 0.010602 0.021930
0 0.391026 0.646930 0.009369 0.023684
0 0.405942 0.627632 0.011095 0.019298
0 0.416174 0.621930 0.009369 0.016667
0 0.424803 0.615351 0.009862 0.017544
0 0.440459 0.598246 0.009122 0.014912
0 0.446376 0.593202 0.008136 0.019737
0 0.454019 0.582895 0.009122 0.016667
0 0.463388 0.576974 0.008629 0.016228
0 0.470168 0.569518 0.007396 0.015351
0 0.475592 0.562939 0.007890 0.011842
0 0.482865 0.557895 0.006657 0.014035
0 0.490385 0.552632 0.006903 0.017544
0 0.499014 0.542544 0.006410 0.013158
0 0.395094 0.596711 0.008136 0.015351
0 0.403107 0.589474 0.009862 0.015789
0 0.411736 0.583553 0.007890 0.017982
0 0.432446 0.545395 0.008383 0.017105
0 0.440459 0.540351 0.007150 0.013158
0 0.441938 0.526316 0.008629 0.014035
0 0.444650 0.510088 0.006164 0.012281
0 0.430720 0.518202 0.007396 0.015351
0 0.423447 0.524123 0.007150 0.014035
0 0.422091 0.539474 0.007890 0.012281
0 0.414448 0.544518 0.007396 0.012719
0 0.388807 0.678509 0.010848 0.017544
0 0.398669 0.666009 0.009369 0.017105
0 0.408654 0.655702 0.009122 0.017544
0 0.417160 0.645395 0.011834 0.018860
0 0.434665 0.630702 0.009862 0.019298
0 0.442308 0.621930 0.007890 0.019298
0 0.464374 0.598246 0.009122 0.016667
0 0.478797 0.582018 0.007890 0.017544
0 0.485454 0.576316 0.007396 0.015789
0 0.391519 0.710746 0.009862 0.015351
0 0.401011 0.696930 0.008629 0.014035
0 0.412229 0.682895 0.010355 0.017544
0 0.421228 0.673465 0.008629 0.016228
0 0.430227 0.662281 0.008876 0.013158
0 0.440089 0.652851 0.007890 0.016228
0 0.476455 0.609430 0.007150 0.012719
0 0.484591 0.599123 0.008136 0.013158
0 0.492727 0.593860 0.007150 0.014912
0 0.523299 0.557895 0.007150 0.019298
0 0.529463 0.553509 0.004684 0.014035
0 0.539448 0.543860 0.005917 0.011404
0 0.545242 0.539474 0.006164 0.014912
0 0.549803 0.533553 0.005424 0.010965
0 0.537229 0.513158 0.006410 0.014035
0 0.541174 0.508553 0.004931 0.011842
0 0.545735 0.505702 0.005671 0.014035
0 0.392875 0.742544 0.009615 0.017544
0 0.404093 0.729167 0.009369 0.013596
0 0.417160 0.713816 0.011341 0.017982
0 0.426652 0.700439 0.008629 0.016667
0 0.435528 0.687281 0.011588 0.019298
0 0.445020 0.676974 0.007890 0.017105
0 0.454019 0.667325 0.010108 0.017105
0 0.461169 0.656360 0.009122 0.016228
0 0.485084 0.626974 0.007643 0.012719
0 0.518861 0.589474 0.006657 0.013158
0 0.523792 0.582237 0.008136 0.015351
0 0.530449 0.577632 0.006657 0.013158
0 0.536366 0.568860 0.008136 0.014912
0 0.542530 0.562281 0.006657 0.012281
0 0.550296 0.553289 0.005424 0.011842
0 0.557446 0.547588 0.006903 0.011842
0 0.561514 0.543202 0.006164 0.010965
0 0.565459 0.538816 0.006164 0.012719
0 0.420735 0.744518 0.011095 0.017105
0 0.431460 0.733553 0.009369 0.016228
0 0.441815 0.718860 0.009862 0.015789
0 0.469798 0.682237 0.011095 0.017105
0 0.477811 0.671930 0.009369 0.016667
0 0.492234 0.648904 0.008136 0.019737
0 0.499877 0.639474 0.007150 0.019298
0 0.507150 0.630702 0.007396 0.017544
0 0.514300 0.621930 0.007890 0.018421
0 0.521080 0.616009 0.008629 0.015351
0 0.528230 0.607895 0.009615 0.015789
0 0.533161 0.599781 0.007643 0.013596
0 0.543516 0.587281 0.008629 0.013158
0 0.550173 0.581360 0.008629 0.012719
0 0.432446 0.774123 0.012327 0.019298
0 0.383876 0.847588 0.014300 0.023246
0 0.395957 0.831360 0.013807 0.022368
0 0.409517 0.809211 0.011341 0.019298
0 0.386588 0.791667 0.013807 0.021053
0 0.379315 0.903509 0.016519 0.032456
0 0.392382 0.882895 0.014546 0.026316
0 0.410750 0.857895 0.014793 0.027193
0 0.423817 0.832018 0.014300 0.023684
0 0.434295 0.819737 0.012081 0.022807
0 0.445390 0.805702 0.011588 0.022807
0 0.457594 0.784211 0.011834 0.024561
0 0.469305 0.766667 0.010108 0.021053
0 0.477934 0.751974 0.011588 0.022368
0 0.486933 0.735088 0.014793 0.020175
0 0.497165 0.718202 0.011095 0.021491
0 0.505301 0.705044 0.010108 0.021491
0 0.442678 0.757895 0.010108 0.016667
0 0.453033 0.742544 0.010602 0.023684
0 0.461292 0.727632 0.012821 0.023684
0 0.471524 0.713816 0.011095 0.021491
0 0.481879 0.698246 0.010602 0.021053
0 0.492234 0.683553 0.009122 0.018860
0 0.500370 0.674123 0.008629 0.018421
0 0.514670 0.692325 0.008629 0.016228
0 0.523299 0.678509 0.009122 0.016667
0 0.509739 0.661623 0.008136 0.015351
0 0.530819 0.668202 0.009862 0.017105
0 0.516519 0.652851 0.007396 0.014474
0 0.539448 0.656360 0.009369 0.016228
0 0.523176 0.643860 0.007890 0.012281
0 0.531435 0.634211 0.007150 0.014912
0 0.546105 0.647588 0.010848 0.015351
0 0.553871 0.635965 0.006657 0.017544
0 0.537229 0.623246 0.007396 0.013158
0 0.544379 0.616009 0.007890 0.015351
0 0.550666 0.606360 0.008629 0.012719
0 0.557446 0.599781 0.007396 0.017105
0 0.560035 0.626096 0.007643 0.015351
0 0.567801 0.615132 0.008383 0.014474
0 0.576307 0.604825 0.010602 0.017544
0 0.583087 0.593202 0.006903 0.017982
0 0.384862 0.959430 0.015779 0.024123
0 0.405942 0.930702 0.018491 0.031579
0 0.420735 0.908553 0.014546 0.020614
0 0.432076 0.881360 0.011588 0.025000
0 0.445883 0.857018 0.011588 0.023684
0 0.469675 0.817325 0.011834 0.017105
0 0.479660 0.801316 0.010602 0.021053
0 0.488659 0.783553 0.011834 0.018860
0 0.499507 0.766667 0.010848 0.021053
0 0.509862 0.748246 0.010848 0.021930
0 0.517012 0.731360 0.009369 0.015351
0 0.526381 0.718860 0.009369 0.020175
0 0.535010 0.707895 0.009369 0.017544
0 0.543516 0.696053 0.009122 0.016667
0 0.576307 0.644737 0.006657 0.014035
0 0.471524 0.880702 0.014053 0.024561
0 0.485947 0.851316 0.013807 0.017544
0 0.560651 0.715132 0.011341 0.017982
0 0.567678 0.699123 0.008136 0.016667
0 0.575444 0.684430 0.007890 0.015351
0 0.584443 0.670395 0.008136 0.017105
0 0.593072 0.657895 0.007643 0.017544
0 0.602811 0.643860 0.009862 0.017544
0 0.618590 0.614474 0.007396 0.013158
0 0.625740 0.605702 0.006903 0.011404
0 0.599236 0.574123 0.007150 0.010526
0 0.581731 0.562939 0.007150 0.011842
0 0.590237 0.849123 0.014300 0.028070
0 0.600962 0.829167 0.013560 0.026754
0 0.611440 0.811623 0.015779 0.031140
0 0.615878 0.791667 0.015286 0.025439
0 0.621302 0.776974 0.013314 0.025877
0 0.628821 0.760088 0.013067 0.024561
0 0.635232 0.742325 0.012081 0.021491
0 0.640656 0.732018 0.011095 0.018421
0 0.648176 0.716009 0.010848 0.019737
0 0.652737 0.703509 0.010602 0.017544
0 0.658531 0.692544 0.009369 0.022807
0 0.593442 0.702851 0.010355 0.017982
0 0.601455 0.691009 0.009122 0.017105
0 0.606879 0.677851 0.009122 0.014474
0 0.614029 0.666667 0.008136 0.015789
0 0.623521 0.646930 0.009369 0.016667
0 0.632890 0.638816 0.009369 0.017105
0 0.638807 0.628509 0.008383 0.014912
0 0.633383 0.691009 0.008876 0.017982
0 0.637944 0.677851 0.008629 0.014474
0 0.644724 0.667544 0.009862 0.017544
0 0.647806 0.654167 0.007643 0.013596
0 0.654093 0.648904 0.007890 0.012719
0 0.657791 0.636623 0.008383 0.015351
0 0.662599 0.626316 0.007150 0.013158
0 0.665804 0.618860 0.007643 0.013158
0 0.628452 0.860746 0.013314 0.023246
0 0.636095 0.837281 0.010355 0.020175
0 0.643368 0.817325 0.011588 0.015351
0 0.648669 0.799123 0.009862 0.017544
0 0.655942 0.782895 0.011588 0.017544
0 0.668886 0.746930 0.009369 0.017544
0 0.673447 0.732018 0.010108 0.019298
0 0.668023 0.666009 0.008629 0.017105
0 0.682446 0.705702 0.008876 0.012281
0 0.686514 0.691667 0.008629 0.013158
0 0.693171 0.680044 0.008629 0.011842
0 0.696376 0.671272 0.010108 0.011842
0 0.623028 0.990351 0.016272 0.019298
0 0.631534 0.964474 0.014053 0.030702
0 0.640163 0.937281 0.013560 0.023684
0 0.646943 0.918860 0.013314 0.028070
0 0.652737 0.896053 0.014053 0.023684
0 0.659024 0.874781 0.012327 0.025000
0 0.666174 0.854825 0.010848 0.021930
0 0.670735 0.835088 0.013067 0.021930
0 0.677885 0.816667 0.011095 0.019298
0 0.680720 0.800658 0.013314 0.015351
0 0.686391 0.787939 0.010355 0.017105
0 0.691445 0.771930 0.010602 0.016667
0 0.696376 0.757237 0.008629 0.018860
0 0.700444 0.742544 0.008383 0.014912
0 0.703033 0.730044 0.007643 0.015351
0 0.707594 0.716667 0.007890 0.014035
0 0.711662 0.703509 0.008136 0.014035
0 0.715607 0.692544 0.008136 0.014912
0 0.719798 0.684211 0.008629 0.013158
0 0.722017 0.671930 0.008136 0.014035
0 0.726455 0.662281 0.008136 0.015789
0 0.702170 0.651974 0.007396 0.017105
0 0.664941 0.989474 0.016272 0.021053
0 0.672461 0.961404 0.016026 0.028070
0 0.680597 0.935746 0.011095 0.024123
0 0.687377 0.913816 0.012327 0.022368
0 0.692678 0.885746 0.013067 0.021491
0 0.699088 0.862939 0.010108 0.018860
0 0.705868 0.842325 0.010355 0.015351
0 0.711169 0.818202 0.010602 0.019737
0 0.725099 0.768202 0.009862 0.017982
0 0.728797 0.750439 0.009369 0.012281
0 0.731879 0.735088 0.009122 0.015789
0 0.735084 0.721053 0.008136 0.013158
0 0.738659 0.710088 0.008383 0.016667
0 0.742604 0.692325 0.009862 0.015351
0 0.751726 0.658772 0.008383 0.013158
0 0.755671 0.645395 0.008876 0.013596
0 0.762081 0.631360 0.007890 0.011842
0 0.708457 0.983553 0.014546 0.024123
0 0.713881 0.960088 0.012574 0.020175
0 0.718812 0.936623 0.011095 0.022368
0 0.724729 0.912281 0.012574 0.019298
0 0.728674 0.888816 0.012081 0.021491
0 0.738659 0.846053 0.009862 0.016667
0 0.744083 0.823904 0.011834 0.018860
0 0.747165 0.804825 0.010108 0.018421
0 0.758013 0.751974 0.009122 0.014474
0 0.761958 0.736404 0.011095 0.016667
0 0.766149 0.711623 0.008136 0.010965
0 0.771943 0.685746 0.008876 0.015351
0 0.777244 0.661404 0.008136 0.017544
0 0.751726 0.992544 0.014300 0.014912
0 0.757027 0.968202 0.013067 0.018860
0 0.760725 0.941667 0.013560 0.020175
0 0.768738 0.883553 0.008876 0.015351
0 0.799803 0.954167 0.011341 0.022368
0 0.800666 0.929167 0.012081 0.022368
0 0.805597 0.907018 0.010602 0.017544
0 0.807816 0.882018 0.008629 0.018421
0 0.808309 0.855044 0.011588 0.017982
0 0.810158 0.838596 0.007890 0.014035
0 0.814103 0.788816 0.010848 0.015351
0 0.822239 0.720395 0.009862 0.017105
0 0.838388 0.934211 0.011588 0.021930
0 0.842579 0.884211 0.013067 0.021053
0 0.842086 0.861623 0.012081 0.016228
0 0.843935 0.845395 0.009862 0.013596
0 0.845291 0.830702 0.009122 0.014035
0 0.846154 0.813816 0.009369 0.015351
0 0.846893 0.799781 0.009862 0.014474
0 0.848250 0.784211 0.010602 0.017544
0 0.849236 0.767544 0.010108 0.014912
0 0.875740 0.851316 0.009862 0.019298
0 0.876726 0.811404 0.010848 0.014912
0 0.877096 0.793202 0.009122 0.014474
0 0.876233 0.777851 0.007890 0.015351
0 0.877219 0.762281 0.009862 0.015789
0 0.877589 0.748465 0.010108 0.015351
0 0.878082 0.733553 0.008629 0.012719
0 0.877959 0.718202 0.010355 0.014474
0 0.909147 0.858772 0.010602 0.017544
0 0.907668 0.836623 0.011095 0.016228
0 0.908654 0.807895 0.011588 0.015789
0 0.907668 0.791667 0.011095 0.014035
0 0.908161 0.777851 0.012081 0.019737
0 0.906435 0.761404 0.010108 0.017544
0 0.905819 0.732018 0.009862 0.014035
0 0.903600 0.717325 0.009862 0.014474
0 0.902737 0.678509 0.006657 0.013158
0 0.902737 0.665789 0.008629 0.009649
0 0.831238 0.624781 0.008629 0.010965
0 0.801652 0.685088 0.013067 0.017544
0 0.828033 0.666667 0.008136 0.013158
0 0.952170 0.989474 0.010848 0.016667
0 0.950814 0.966667 0.012081 0.021930
0 0.950321 0.943202 0.014546 0.023246
0 0.949088 0.918202 0.012081 0.024123
0 0.947362 0.895395 0.013067 0.017982
0 0.946869 0.873904 0.012574 0.019737
0 0.944527 0.854825 0.012327 0.021053
0 0.944157 0.832895 0.010108 0.019298
0 0.990015 0.983553 0.016026 0.026754
0 0.986810 0.960088 0.013560 0.019298
0 0.983728 0.936404 0.016272 0.023684
0 0.981509 0.916009 0.014793 0.022368
0 0.978797 0.893202 0.013314 0.021491
0 0.975222 0.875658 0.012574 0.017105
0 0.972880 0.857018 0.013807 0.023684
0 0.971524 0.821053 0.013067 0.020175
0 0.941445 0.813158 0.010602 0.018421
0 0.939596 0.797588 0.010355 0.014474
0 0.937377 0.780702 0.009369 0.014912
0 0.936514 0.762939 0.008629 0.015351
0 0.936021 0.747588 0.009615 0.018860
0 0.970168 0.805702 0.010848 0.017544
0 0.842456 0.541667 0.007396 0.012281
0 0.690089 0.616667 0.007890 0.016667
0 0.698595 0.597588 0.007150 0.015351
0 0.169995 0.503947 0.007643 0.011404
0 0.105646 0.535746 0.008629 0.009211
0 0.202786 0.481579 0.005671 0.011404
0 0.063856 0.647588 0.011834 0.012719
0 0.143984 0.557456 0.006903 0.012281
0 0.734714 0.637061 0.008383 0.015351
0 0.711785 0.627193 0.007890 0.014035
0 0.715607 0.617325 0.007643 0.014474
0 0.721277 0.603728 0.006164 0.012719
0 0.725838 0.594737 0.007396 0.012281
0 0.671474 0.612061 0.007150 0.013596
0 0.784147 0.644737 0.008136 0.011404
0 0.787845 0.615132 0.007150 0.012719
0 0.768614 0.605044 0.010108 0.015351
0 0.769477 0.485307 0.006410 0.013596
0 0.769231 0.531798 0.005424 0.010088
0 0.604783 0.567982 0.007890 0.012281
0 0.609344 0.560746 0.009122 0.014474
0 0.614892 0.553728 0.006903 0.011842
0 0.619329 0.547588 0.007396 0.014474
0 0.624384 0.543202 0.007643 0.015351
0 0.628575 0.536623 0.006657 0.012719
0 0.631164 0.533333 0.006903 0.013158
0 0.636095 0.528509 0.006903 0.012281
0 0.601455 0.542982 0.006164 0.011404
0 0.605153 0.538158 0.006164 0.013158
0 0.610700 0.533991 0.006410 0.012719
0 0.614645 0.528070 0.006410 0.011404
0 0.618466 0.524781 0.006164 0.010965
0 0.621918 0.521930 0.006164 0.010526
0 0.626233 0.519298 0.005424 0.010526
0 0.736070 0.567763 0.007150 0.011842
0 0.731139 0.580482 0.006657 0.012719
0 0.743220 0.547807 0.006657 0.010526
0 0.776504 0.573465 0.006164 0.011842
0 0.795365 0.717763 0.009862 0.014474
0 0.810035 0.636623 0.008629 0.012719
0 0.812870 0.619298 0.008383 0.011404
0 0.858235 0.603289 0.007890 0.011842
0 0.924679 0.626535 0.006657 0.010965
0 0.916174 0.526535 0.006410 0.010088
0 0.910380 0.487061 0.006164 0.009211
0 0.912599 0.971491 0.008629 0.016667
0 0.967086 0.789912 0.009122 0.014035
0 0.996672 0.785526 0.006657 0.012281
0 0.994206 0.771272 0.006657 0.011842
0 0.991617 0.757018 0.007396 0.012281
0 0.989892 0.743860 0.007890 0.014912
