0 0.111810 0.035526 0.071746 0.070175
0 0.057076 0.133553 0.076183 0.106579
0 0.207717 0.101316 0.075197 0.087719
0 0.184172 0.214693 0.074951 0.108333
0 0.075197 0.537719 0.073964 0.087719
0 0.023669 0.755482 0.046844 0.125877
0 0.172830 0.876316 0.091223 0.162281
0 0.242480 0.630263 0.071746 0.085965
0 0.276874 0.409211 0.067554 0.108772
0 0.325074 0.252851 0.071746 0.124123
0 0.363659 0.137281 0.067554 0.099123
0 0.386711 0.042982 0.068787 0.078070
0 0.410256 0.953947 0.068540 0.092105
0 0.441445 0.679167 0.077170 0.148684
0 0.457347 0.489254 0.062130 0.124123
0 0.474606 0.325219 0.062130 0.104825
0 0.485330 0.187061 0.075197 0.125877
0 0.500863 0.086842 0.056953 0.085965
0 0.507273 0.019298 0.056953 0.034211
0 0.641765 0.905921 0.072978 0.122368
0 0.635971 0.250877 0.058925 0.100877
0 0.640286 0.124123 0.050296 0.064912
0 0.636958 0.035307 0.052515 0.062719
0 0.881410 0.874342 0.086785 0.124123
0 0.860577 0.630482 0.083580 0.135526
0 0.825197 0.437719 0.074951 0.131579
0 0.804734 0.287061 0.057692 0.070614
0 0.790804 0.166228 0.057939 0.087719
0 0.763560 0.078289 0.037475 0.053070
0 0.969428 0.303289 0.061144 0.133772
0 0.943540 0.153509 0.071992 0.120175
0 0.902737 0.061184 0.052515 0.080263
