0 0.192678 0.729605 0.128452 0.257456
0 0.227071 0.081360 0.105030 0.161842
0 0.540557 0.906140 0.131903 0.187719
0 0.504068 0.542763 0.116617 0.192544
0 0.478304 0.248904 0.093195 0.158333
0 0.466593 0.050877 0.112673 0.100877
0 0.041790 0.068860 0.083087 0.136842
0 0.017628 0.314912 0.034763 0.175439
0 0.701923 0.043202 0.111440 0.085526
0 0.741001 0.240570 0.119083 0.225000
0 0.796721 0.568421 0.133876 0.232456
0 0.878205 0.922368 0.153353 0.155263
0 0.932322 0.079386 0.130917 0.157895
0 0.980153 0.296491 0.039694 0.196491
