0 0.251603 0.616886 0.057939 0.093421
0 0.238782 0.782895 0.053501 0.089474
0 0.413462 0.719079 0.066568 0.122368
0 0.422584 0.563596 0.067554 0.112281
0 0.430104 0.410088 0.060897 0.099123
0 0.579635 0.866009 0.042899 0.083772
0 0.580251 0.564474 0.058925 0.110526
0 0.564719 0.317763 0.077170 0.124123
0 0.553871 0.182237 0.066321 0.101316
0 0.930720 0.838158 0.078402 0.123684
0 0.896326 0.652193 0.058925 0.099123
0 0.865385 0.448246 0.080375 0.133333
0 0.846647 0.296711 0.068540 0.112719
0 0.825690 0.168202 0.071992 0.091667
0 0.803131 0.072588 0.046105 0.064474
0 0.946252 0.115351 0.055720 0.097368
0 0.197485 0.343421 0.033037 0.064912
0 0.167530 0.303509 0.035256 0.064912
0 0.135355 0.262281 0.043886 0.074561
0 0.096154 0.222149 0.036489 0.070614
0 0.064103 0.184211 0.042899 0.078070
0 0.274655 0.183114 0.037475 0.080263
0 0.238289 0.160526 0.035256 0.087719
0 0.204882 0.135526 0.024655 0.064912
0 0.175789 0.113377 0.042899 0.085526
0 0.132643 0.076316 0.032051 0.076316
0 0.071499 0.027851 0.032051 0.051316
0 0.335306 0.079386 0.032051 0.085965
0 0.297091 0.050658 0.031065 0.070614
0 0.261341 0.030702 0.036489 0.053509
0 0.225345 0.025000 0.037475 0.049123
