0 0.021696 0.389254 0.037475 0.091667
0 0.111686 0.160307 0.035503 0.064474
0 0.096647 0.509211 0.061144 0.099123
0 0.138067 0.379605 0.055720 0.091667
0 0.207594 0.174781 0.049310 0.093421
0 0.253205 0.087061 0.031065 0.059211
0 0.191691 0.764912 0.083580 0.133333
0 0.228180 0.597807 0.064349 0.097368
0 0.263314 0.470175 0.055720 0.078070
0 0.289201 0.333772 0.049310 0.087719
0 0.315952 0.231798 0.047091 0.085526
0 0.335799 0.148026 0.043886 0.082018
0 0.348126 0.078509 0.044872 0.076316
0 0.368466 0.029825 0.051529 0.058772
0 0.362549 0.867763 0.035256 0.080263
0 0.385602 0.661842 0.053748 0.087719
0 0.404832 0.486404 0.049310 0.079825
0 0.418886 0.363377 0.042899 0.067105
0 0.426898 0.262281 0.052515 0.078070
0 0.434418 0.185088 0.037475 0.061404
0 0.454758 0.042982 0.050542 0.078070
0 0.550666 0.687500 0.083580 0.127632
0 0.548570 0.548465 0.051282 0.074123
0 0.549556 0.401535 0.055720 0.085526
0 0.545365 0.281360 0.044872 0.078509
0 0.557076 0.177632 0.051529 0.064912
0 0.554487 0.102193 0.041913 0.074561
0 0.557692 0.036404 0.050296 0.068421
0 0.730769 0.774342 0.074951 0.122368
0 0.709320 0.597807 0.068540 0.108772
0 0.701923 0.433991 0.062130 0.104825
0 0.686267 0.279605 0.058925 0.104825
0 0.673447 0.100219 0.046105 0.082018
0 0.662722 0.029605 0.045858 0.047807
0 0.943664 0.951974 0.082594 0.096053
0 0.906065 0.761184 0.080375 0.148684
0 0.864275 0.549342 0.065335 0.110965
0 0.832594 0.373026 0.060158 0.093421
0 0.816075 0.277632 0.054734 0.085965
0 0.759122 0.042982 0.037475 0.051754
0 0.976824 0.386404 0.046351 0.131579
0 0.958580 0.263158 0.056706 0.110526
0 0.911489 0.162061 0.048323 0.072368
0 0.899038 0.077412 0.059911 0.089912
0 0.984961 0.077412 0.030079 0.051316
