0 0.164201 0.949123 0.080375 0.101754
0 0.170735 0.667544 0.048077 0.079825
0 0.231755 0.322368 0.093195 0.167544
0 0.250000 0.142325 0.073964 0.139035
0 0.024162 0.286184 0.047830 0.163596
0 0.050666 0.070614 0.076183 0.118421
0 0.630054 0.049561 0.064349 0.087719
0 0.665434 0.219518 0.085799 0.190789
0 0.686267 0.451096 0.099852 0.200439
0 0.712032 0.697149 0.093195 0.200439
0 0.746918 0.931798 0.115631 0.116228
0 0.939842 0.876316 0.115878 0.215789
0 0.896326 0.569298 0.082594 0.150877
0 0.846647 0.304386 0.062130 0.097368
0 0.804734 0.086842 0.079389 0.120175
0 0.966100 0.077412 0.067801 0.135526
