0 0.018861 0.953509 0.010602 0.024561
0 0.029463 0.932237 0.013067 0.017982
0 0.045735 0.909430 0.011588 0.020614
0 0.061884 0.883553 0.010848 0.015351
0 0.087525 0.843860 0.008876 0.012281
0 0.101948 0.819737 0.010602 0.018421
0 0.114152 0.798246 0.010355 0.014912
0 0.125740 0.779167 0.010355 0.015351
0 0.138314 0.761623 0.009369 0.017105
0 0.148669 0.745395 0.010848 0.016228
0 0.017875 0.899123 0.013560 0.021053
0 0.031312 0.876974 0.013807 0.018860
0 0.097017 0.782895 0.009122 0.015789
0 0.108235 0.766009 0.008876 0.017105
0 0.119453 0.746053 0.011095 0.014912
0 0.130178 0.731360 0.011341 0.015351
0 0.013437 0.857018 0.011588 0.016667
0 0.039448 0.818860 0.011834 0.015789
0 0.077663 0.767325 0.007890 0.011842
0 0.089867 0.750439 0.008136 0.012281
0 0.100592 0.732237 0.010355 0.015351
0 0.018861 0.811623 0.009615 0.014474
0 0.044009 0.776974 0.013067 0.015351
0 0.065459 0.744518 0.010108 0.017982
0 0.079389 0.725439 0.010355 0.014912
0 0.014300 0.774781 0.012327 0.018860
0 0.030819 0.755702 0.009862 0.013158
0 0.043023 0.739474 0.012081 0.016667
0 0.005301 0.760088 0.009122 0.016667
0 0.015163 0.741009 0.013560 0.019737
0 0.026750 0.727632 0.013067 0.014912
0 0.101085 0.873465 0.009862 0.016228
0 0.127096 0.829167 0.010108 0.016228
0 0.136588 0.810965 0.011834 0.017544
0 0.148176 0.793202 0.009862 0.013596
0 0.159024 0.776316 0.010848 0.017544
0 0.067678 0.990351 0.015533 0.019298
0 0.084813 0.964474 0.011834 0.021930
0 0.100962 0.935746 0.014053 0.018860
0 0.114522 0.911623 0.010602 0.017982
0 0.128452 0.884430 0.013314 0.018860
0 0.152737 0.838816 0.009615 0.014474
0 0.163092 0.817325 0.011588 0.016228
0 0.173940 0.796053 0.010108 0.016667
0 0.184295 0.776316 0.013067 0.021930
0 0.194034 0.757895 0.009862 0.017544
0 0.204389 0.737939 0.011341 0.019737
0 0.103304 0.991009 0.014300 0.017982
0 0.117234 0.969518 0.014546 0.024123
0 0.133383 0.938158 0.016272 0.025439
0 0.149162 0.910746 0.013807 0.020614
0 0.159147 0.888816 0.011095 0.021491
0 0.171105 0.867325 0.010848 0.019737
0 0.183802 0.841009 0.010602 0.018860
0 0.195020 0.818860 0.011834 0.020175
0 0.204512 0.798246 0.012574 0.021053
0 0.215237 0.778509 0.011341 0.020175
0 0.224236 0.755702 0.011095 0.023684
0 0.151381 0.985088 0.013314 0.021053
0 0.163585 0.952851 0.013067 0.019737
0 0.177022 0.923904 0.012821 0.023246
0 0.197732 0.874123 0.011341 0.019298
0 0.211292 0.848904 0.010848 0.017982
0 0.221647 0.826974 0.009862 0.015351
0 0.209443 0.935088 0.012574 0.020175
0 0.229660 0.807237 0.011095 0.017105
0 0.240015 0.785088 0.009615 0.017544
0 0.249014 0.765132 0.010848 0.020614
0 0.257150 0.747588 0.010848 0.017982
0 0.232249 0.737281 0.010355 0.014912
0 0.266519 0.730044 0.012327 0.017105
0 0.295365 0.728509 0.010848 0.016667
0 0.336169 0.857895 0.014546 0.021930
0 0.345661 0.832895 0.013314 0.025439
0 0.353797 0.812281 0.013314 0.024561
0 0.358605 0.789474 0.012081 0.022807
0 0.364152 0.769737 0.010355 0.021930
0 0.369946 0.749123 0.011588 0.028070
0 0.375740 0.732237 0.010355 0.019737
0 0.373891 0.849123 0.007643 0.013158
0 0.381164 0.827632 0.007396 0.014912
0 0.391519 0.781360 0.009369 0.014474
0 0.396450 0.763158 0.009369 0.015789
0 0.401874 0.743860 0.009369 0.015789
0 0.378575 0.987939 0.012574 0.017105
0 0.385232 0.957237 0.014053 0.020614
0 0.391519 0.925658 0.012327 0.022368
0 0.395217 0.901316 0.010355 0.018421
0 0.400518 0.879167 0.010602 0.021491
0 0.405449 0.856360 0.011095 0.017105
0 0.410010 0.834430 0.011341 0.014474
0 0.413955 0.812281 0.009862 0.016667
0 0.419749 0.791667 0.011095 0.014035
0 0.422584 0.775439 0.010355 0.014035
0 0.425666 0.757237 0.009615 0.015351
0 0.428748 0.739474 0.008876 0.014912
0 0.413585 0.990351 0.014053 0.019298
0 0.419009 0.964474 0.014546 0.019298
0 0.423077 0.934211 0.015779 0.021930
0 0.430227 0.905702 0.010848 0.020175
0 0.436021 0.878509 0.012574 0.020175
0 0.439226 0.849781 0.009615 0.016228
0 0.442678 0.824781 0.010602 0.016228
0 0.446869 0.802632 0.009122 0.014035
0 0.450444 0.782018 0.010355 0.014912
0 0.458087 0.725439 0.008383 0.010526
0 0.454882 0.975439 0.013314 0.026316
0 0.457964 0.940351 0.013067 0.021930
0 0.461169 0.916667 0.010602 0.016667
0 0.465237 0.888158 0.011834 0.019298
0 0.468319 0.865132 0.011095 0.020614
0 0.471154 0.840132 0.011341 0.019737
0 0.477441 0.797588 0.011095 0.013596
0 0.478797 0.772588 0.008876 0.013596
0 0.481386 0.754825 0.007643 0.014035
0 0.491864 0.990351 0.015286 0.019298
0 0.494576 0.965132 0.011341 0.015351
0 0.498521 0.934430 0.012327 0.019737
0 0.501603 0.905702 0.009615 0.014912
0 0.503452 0.879825 0.009862 0.016667
0 0.505301 0.818860 0.009122 0.013158
0 0.530942 0.957018 0.012574 0.018421
0 0.536366 0.876974 0.010602 0.017982
0 0.536243 0.853509 0.010355 0.017544
0 0.538462 0.829167 0.009369 0.014474
0 0.538092 0.808553 0.007643 0.014474
0 0.535873 0.783553 0.010108 0.015351
0 0.537229 0.767544 0.009369 0.014912
0 0.566445 0.846930 0.009615 0.018421
0 0.566075 0.803509 0.008876 0.013158
0 0.566075 0.782895 0.010355 0.016667
0 0.565089 0.764474 0.008876 0.014912
0 0.565952 0.749781 0.008136 0.013596
0 0.565582 0.720395 0.010355 0.011842
0 0.607865 0.990132 0.012081 0.017105
0 0.604660 0.959430 0.010108 0.017105
0 0.643368 0.975658 0.013067 0.015351
0 0.641519 0.949781 0.013314 0.017982
0 0.638437 0.923246 0.013067 0.017544
0 0.636095 0.899781 0.008383 0.011842
0 0.633876 0.880044 0.009862 0.010965
0 0.630301 0.857895 0.008629 0.015789
0 0.619576 0.757895 0.009862 0.012281
0 0.617234 0.740132 0.010108 0.011842
0 0.683802 0.976316 0.013560 0.022807
0 0.679364 0.943202 0.012574 0.022368
0 0.675666 0.918202 0.014053 0.020614
0 0.669872 0.893202 0.010355 0.015351
0 0.665434 0.867325 0.010355 0.017982
0 0.661243 0.843202 0.011341 0.019737
0 0.658654 0.823246 0.009615 0.014912
0 0.655819 0.801316 0.009862 0.015789
0 0.653230 0.780702 0.009122 0.014912
0 0.650518 0.761623 0.009615 0.015351
0 0.647436 0.744737 0.008876 0.013158
0 0.645464 0.727851 0.010848 0.016228
0 0.713511 0.969737 0.015286 0.018421
0 0.698595 0.890351 0.011095 0.016667
0 0.695513 0.870395 0.010848 0.014474
0 0.694157 0.847588 0.012081 0.017105
0 0.689103 0.827632 0.011341 0.013158
0 0.685651 0.807895 0.010848 0.013158
0 0.681460 0.791667 0.011341 0.015789
0 0.678008 0.771930 0.009369 0.012281
0 0.670365 0.741009 0.009862 0.014474
0 0.740015 0.905702 0.012081 0.018421
0 0.751726 0.964474 0.010848 0.018421
0 0.724236 0.841886 0.010602 0.016228
0 0.718442 0.821053 0.011834 0.014912
0 0.715237 0.800439 0.012821 0.017544
0 0.710676 0.782237 0.008136 0.011842
0 0.703649 0.743860 0.008383 0.013158
0 0.790804 0.968860 0.013560 0.018421
0 0.782298 0.935088 0.010848 0.019298
0 0.760232 0.860965 0.009615 0.013158
0 0.752219 0.836404 0.010355 0.015789
0 0.746672 0.813158 0.009122 0.013158
0 0.741248 0.793860 0.008136 0.014912
0 0.736440 0.776316 0.009862 0.014035
0 0.725222 0.738816 0.008629 0.011842
0 0.722510 0.725658 0.008136 0.009211
0 0.829512 0.986404 0.011588 0.017544
0 0.821746 0.954167 0.016272 0.025000
0 0.811021 0.921930 0.012574 0.021930
0 0.802515 0.896930 0.011341 0.018421
0 0.793023 0.869518 0.009122 0.015351
0 0.779463 0.821930 0.011588 0.021053
0 0.771943 0.800658 0.009862 0.016228
0 0.766519 0.783553 0.009369 0.014474
0 0.759369 0.763816 0.008876 0.017105
0 0.754315 0.743860 0.010108 0.016667
0 0.749384 0.727632 0.008136 0.014912
0 0.861810 0.979167 0.009615 0.017982
0 0.843319 0.924781 0.012081 0.017105
0 0.834443 0.901974 0.012081 0.019737
0 0.826800 0.879167 0.011588 0.018860
0 0.818664 0.853509 0.010602 0.017544
0 0.811021 0.830702 0.009615 0.017544
0 0.803378 0.811623 0.010108 0.012719
0 0.797091 0.793202 0.009862 0.014474
0 0.784024 0.759430 0.008383 0.014474
0 0.777367 0.741667 0.010355 0.014912
0 0.895957 0.974781 0.013314 0.020614
0 0.885725 0.945395 0.015533 0.023246
0 0.875863 0.911404 0.015039 0.028070
0 0.855893 0.864474 0.011095 0.022807
0 0.847017 0.837939 0.013067 0.016228
0 0.837155 0.816667 0.012081 0.017544
0 0.828156 0.795395 0.011834 0.021491
0 0.814596 0.755702 0.011834 0.022807
0 0.934665 0.985088 0.012327 0.021930
0 0.925173 0.958553 0.012081 0.019737
0 0.902244 0.901974 0.009615 0.016228
0 0.891519 0.878509 0.010848 0.017544
0 0.865878 0.817544 0.008876 0.014912
0 0.857742 0.798246 0.009862 0.014912
0 0.849236 0.779167 0.011588 0.020614
0 0.842579 0.759430 0.010108 0.020614
0 0.835676 0.742544 0.012081 0.021930
0 0.970291 0.986623 0.017505 0.022368
0 0.960306 0.960746 0.013807 0.020614
0 0.947732 0.934211 0.012821 0.018421
0 0.937747 0.908553 0.015039 0.021491
0 0.927392 0.885965 0.010602 0.017544
0 0.916667 0.866667 0.011341 0.016667
0 0.907791 0.846053 0.009862 0.015789
0 0.898792 0.824781 0.008629 0.014474
0 0.889177 0.806360 0.010602 0.014474
0 0.880301 0.788816 0.011588 0.017105
0 0.870809 0.771711 0.009369 0.014474
0 0.864029 0.754167 0.011588 0.015351
0 0.856879 0.737939 0.011588 0.015351
0 0.993097 0.965132 0.008876 0.017105
0 0.982249 0.942325 0.010355 0.018860
0 0.956238 0.890351 0.009122 0.015789
0 0.935158 0.850439 0.010355 0.014912
0 0.908654 0.792544 0.009615 0.014912
0 0.989029 0.840351 0.009122 0.017544
0 0.978797 0.821053 0.008876 0.016667
0 0.970661 0.804167 0.008383 0.015351
0 0.960799 0.787281 0.008383 0.015789
0 0.951307 0.772588 0.006164 0.015351
0 0.933802 0.743860 0.008629 0.012281
0 0.925296 0.731360 0.007396 0.010965
0 0.995932 0.801096 0.007643 0.015351
0 0.975592 0.765351 0.009369 0.014035
0 0.965730 0.751316 0.007890 0.014912
0 0.957594 0.735746 0.009369 0.015351
0 0.992604 0.753289 0.010355 0.020614
0 0.982372 0.736623 0.011095 0.018860
0 0.972017 0.721053 0.011588 0.019298
0 0.931953 0.785746 0.009369 0.017105
0 0.925296 0.771930 0.010848 0.014035
0 0.916297 0.756360 0.010602 0.017105
0 0.006534 0.718860 0.009122 0.019298
0 0.019601 0.704167 0.008629 0.018860
0 0.031435 0.688158 0.010108 0.016667
0 0.054734 0.664474 0.008383 0.014912
0 0.064719 0.654167 0.007150 0.013596
0 0.076800 0.643202 0.007643 0.012719
0 0.089004 0.632895 0.007396 0.011404
0 0.123891 0.594518 0.006657 0.010088
0 0.133013 0.583772 0.007150 0.013158
0 0.141026 0.576974 0.006410 0.010965
0 0.157298 0.561623 0.005917 0.010088
0 0.163955 0.555044 0.005424 0.012719
0 0.171228 0.546930 0.005671 0.010526
0 0.178378 0.540132 0.006164 0.011842
0 0.185035 0.535746 0.005178 0.010965
0 0.058802 0.618860 0.009615 0.011404
0 0.072239 0.609430 0.008383 0.010965
0 0.079019 0.598465 0.008136 0.011842
0 0.091100 0.585746 0.008136 0.012719
0 0.109961 0.590132 0.008383 0.011842
0 0.118097 0.579825 0.007396 0.013158
0 0.126603 0.571930 0.006657 0.012281
0 0.142382 0.559211 0.007150 0.013158
0 0.149532 0.552632 0.006657 0.012281
0 0.156312 0.545395 0.006903 0.010088
0 0.046598 0.630044 0.009369 0.013596
0 0.028600 0.669518 0.010355 0.017105
0 0.039448 0.657895 0.009369 0.013158
0 0.048077 0.649123 0.008876 0.013158
0 0.128452 0.555044 0.006410 0.010088
0 0.143368 0.541667 0.006164 0.011404
0 0.044009 0.550439 0.007150 0.011404
0 0.064596 0.710088 0.009862 0.019298
0 0.074951 0.697588 0.008383 0.015351
0 0.089004 0.682237 0.008383 0.010088
0 0.108605 0.657237 0.008136 0.011842
0 0.118960 0.645395 0.007643 0.013596
0 0.139670 0.624123 0.006164 0.011404
0 0.147436 0.613816 0.006410 0.012719
0 0.163462 0.593860 0.005917 0.010526
0 0.172584 0.585088 0.005917 0.012281
0 0.184665 0.551974 0.004931 0.009211
0 0.194034 0.544079 0.005424 0.010965
0 0.199088 0.538816 0.004684 0.010088
0 0.108605 0.685088 0.010602 0.014912
0 0.119083 0.674781 0.008876 0.015351
0 0.128452 0.664474 0.008383 0.011404
0 0.146820 0.642325 0.007643 0.012719
0 0.154956 0.632237 0.007150 0.014474
0 0.163092 0.622588 0.009122 0.012719
0 0.173447 0.611623 0.007150 0.012719
0 0.180227 0.601974 0.006410 0.010965
0 0.186514 0.593202 0.006657 0.010088
0 0.193664 0.587281 0.008136 0.011404
0 0.201800 0.579386 0.007150 0.008772
0 0.111810 0.715132 0.009122 0.013596
0 0.121795 0.702632 0.009369 0.014912
0 0.133013 0.688816 0.007643 0.017105
0 0.141026 0.678509 0.009369 0.017544
0 0.150518 0.666009 0.008629 0.011842
0 0.159024 0.656360 0.006903 0.010088
0 0.173940 0.635965 0.007150 0.013158
0 0.190582 0.614474 0.006410 0.010526
0 0.198225 0.604167 0.006903 0.012719
0 0.213511 0.587281 0.005424 0.011404
0 0.212032 0.565351 0.005917 0.013158
0 0.109591 0.632895 0.006657 0.011404
0 0.241371 0.575658 0.007890 0.015351
0 0.249384 0.568860 0.006164 0.009649
0 0.259739 0.556360 0.006164 0.010965
0 0.266026 0.549781 0.005424 0.011842
0 0.270957 0.542325 0.005424 0.010088
0 0.232865 0.563158 0.007150 0.011404
0 0.238166 0.556360 0.006903 0.009211
0 0.245809 0.549781 0.006410 0.012719
0 0.255671 0.537939 0.005917 0.010088
0 0.219305 0.558553 0.006164 0.010965
0 0.224236 0.551974 0.005671 0.008333
0 0.230523 0.544737 0.005917 0.007895
0 0.242727 0.534430 0.005671 0.007456
0 0.253452 0.524123 0.005424 0.009649
0 0.258506 0.520395 0.005671 0.010088
0 0.263807 0.515351 0.004931 0.009649
0 0.267875 0.512281 0.005178 0.007895
0 0.229167 0.527632 0.005178 0.011404
0 0.261588 0.532895 0.004931 0.010526
0 0.266149 0.527851 0.004684 0.010965
0 0.271450 0.523904 0.004438 0.011842
0 0.239029 0.609430 0.007150 0.013596
0 0.245439 0.601316 0.008136 0.011404
0 0.254808 0.585746 0.007643 0.011842
0 0.214374 0.682237 0.011095 0.017105
0 0.222017 0.671930 0.009122 0.014912
0 0.230030 0.659211 0.008383 0.013158
0 0.237796 0.646930 0.008136 0.014912
0 0.243590 0.638158 0.008383 0.013158
0 0.250740 0.627851 0.008383 0.012719
0 0.267875 0.601974 0.008136 0.012719
0 0.273299 0.591009 0.007150 0.012719
0 0.289448 0.568860 0.007890 0.014912
0 0.214744 0.723465 0.011341 0.019737
0 0.223866 0.705702 0.010848 0.021053
0 0.232372 0.691667 0.011095 0.019298
0 0.240385 0.680702 0.009862 0.015789
0 0.247165 0.669518 0.008629 0.016228
0 0.255301 0.657895 0.008629 0.014035
0 0.261958 0.643202 0.008629 0.017105
0 0.269724 0.632895 0.008876 0.013158
0 0.276011 0.622588 0.009122 0.014474
0 0.281805 0.613816 0.009369 0.016228
0 0.242234 0.723904 0.011588 0.017105
0 0.252219 0.706360 0.009862 0.015351
0 0.259369 0.691009 0.009862 0.023246
0 0.267012 0.678509 0.010355 0.014912
0 0.273669 0.666009 0.009862 0.017982
0 0.281805 0.652632 0.008383 0.019298
0 0.288955 0.640132 0.010355 0.014474
0 0.274655 0.717325 0.010355 0.017105
0 0.298940 0.558553 0.006657 0.010965
0 0.296228 0.626974 0.009615 0.013596
0 0.305597 0.611404 0.009615 0.017544
0 0.311021 0.600439 0.007643 0.014035
0 0.316938 0.589474 0.008629 0.013158
0 0.328156 0.574781 0.007890 0.013596
0 0.332964 0.563816 0.007150 0.012719
0 0.338018 0.557237 0.007396 0.013596
0 0.342579 0.549781 0.007150 0.013596
0 0.344798 0.544737 0.006164 0.014912
0 0.309295 0.567325 0.006657 0.012719
0 0.312870 0.561623 0.006410 0.012719
0 0.317801 0.553509 0.006903 0.010526
0 0.331361 0.535746 0.005424 0.011842
0 0.336292 0.527851 0.005424 0.010965
0 0.340730 0.521272 0.005917 0.010965
0 0.318171 0.677851 0.008136 0.016228
0 0.323102 0.669518 0.009122 0.015351
0 0.306583 0.651974 0.006657 0.013596
0 0.342086 0.677851 0.008136 0.016228
0 0.348373 0.663816 0.008383 0.014474
0 0.358728 0.640351 0.008383 0.019298
0 0.369453 0.679825 0.007643 0.012281
0 0.350592 0.607895 0.006903 0.013158
0 0.356016 0.598904 0.006903 0.010965
0 0.374384 0.666667 0.009122 0.014912
0 0.378452 0.652632 0.008383 0.013158
0 0.381657 0.641009 0.008383 0.011842
0 0.390656 0.620395 0.008629 0.011842
0 0.393738 0.609430 0.008383 0.010965
0 0.401874 0.593202 0.006903 0.009211
0 0.381164 0.718860 0.008876 0.015789
0 0.386588 0.703509 0.009862 0.016667
0 0.389300 0.687939 0.009369 0.015351
0 0.394724 0.676974 0.009862 0.017982
0 0.398299 0.663816 0.008629 0.014474
0 0.379808 0.550658 0.005671 0.010965
0 0.394601 0.557018 0.007150 0.010526
0 0.373028 0.608553 0.006410 0.011842
0 0.401874 0.647588 0.007890 0.014474
0 0.409024 0.628289 0.008383 0.015351
0 0.413585 0.614474 0.006657 0.013158
0 0.419379 0.594737 0.007890 0.013158
0 0.422954 0.584211 0.007150 0.014035
0 0.406312 0.724781 0.009369 0.016228
0 0.411243 0.710746 0.007890 0.013596
0 0.421228 0.665132 0.008629 0.012719
0 0.425666 0.653509 0.007150 0.012281
0 0.428378 0.642325 0.009122 0.010965
0 0.431090 0.629167 0.008136 0.013596
0 0.440089 0.596930 0.007396 0.013158
0 0.432816 0.724123 0.008629 0.012281
0 0.435528 0.710746 0.007150 0.012719
0 0.437870 0.696053 0.006410 0.009649
0 0.442308 0.685088 0.007396 0.012281
0 0.444157 0.671930 0.006164 0.011404
0 0.447732 0.659430 0.006903 0.011842
0 0.462648 0.708553 0.008136 0.012719
0 0.463881 0.693202 0.008136 0.012719
0 0.471154 0.651096 0.007890 0.016228
0 0.477318 0.618202 0.007396 0.012719
0 0.498151 0.613158 0.007643 0.013158
0 0.494946 0.637281 0.007643 0.011404
0 0.490015 0.688158 0.008136 0.014912
0 0.451800 0.637281 0.007150 0.013158
0 0.460799 0.600658 0.006410 0.010965
0 0.479660 0.605044 0.006657 0.010965
0 0.463018 0.589474 0.006903 0.011404
0 0.491741 0.663816 0.010108 0.015351
0 0.514177 0.726316 0.007150 0.010526
0 0.516149 0.670395 0.008136 0.012719
0 0.520587 0.626316 0.008136 0.012281
0 0.524162 0.584430 0.009369 0.012719
0 0.526504 0.567544 0.007150 0.009649
0 0.482865 0.587939 0.006657 0.012719
0 0.564719 0.705482 0.009122 0.010965
0 0.564103 0.679825 0.009369 0.010526
0 0.564226 0.668860 0.008629 0.013158
0 0.563733 0.657237 0.007643 0.011842
0 0.563733 0.646272 0.007643 0.011842
0 0.589867 0.739474 0.009122 0.012281
0 0.589374 0.724123 0.008136 0.013158
0 0.588018 0.709430 0.007890 0.010965
0 0.588018 0.696272 0.006903 0.011842
0 0.587155 0.682018 0.008629 0.014912
0 0.586169 0.668202 0.007643 0.011842
0 0.584443 0.643202 0.008136 0.012719
0 0.615385 0.712281 0.007396 0.012281
0 0.611317 0.685088 0.007150 0.010526
0 0.610084 0.673904 0.007150 0.010088
0 0.606879 0.650439 0.007643 0.009649
0 0.601578 0.592325 0.005424 0.010088
0 0.635725 0.683772 0.008136 0.013158
0 0.641889 0.711623 0.008136 0.014474
0 0.633383 0.655044 0.007396 0.012719
0 0.631287 0.645395 0.007643 0.011842
0 0.625370 0.605702 0.007643 0.014035
0 0.541297 0.569737 0.007150 0.012281
0 0.560528 0.543860 0.006164 0.007895
0 0.663955 0.710746 0.008383 0.010965
0 0.663585 0.696930 0.008629 0.011404
0 0.685035 0.676096 0.008136 0.011842
0 0.680104 0.662281 0.007150 0.010526
0 0.667530 0.611623 0.007150 0.011842
0 0.713018 0.694518 0.009369 0.014474
0 0.705375 0.666009 0.006903 0.011842
0 0.698102 0.644737 0.006657 0.013158
0 0.691938 0.623246 0.007643 0.011404
0 0.661243 0.582018 0.006903 0.013158
0 0.743097 0.710746 0.009369 0.014474
0 0.738659 0.694737 0.008876 0.014035
0 0.733235 0.680702 0.008383 0.014035
0 0.728797 0.666009 0.010848 0.013596
0 0.719305 0.639474 0.008136 0.013158
0 0.711662 0.619737 0.008629 0.011404
0 0.707594 0.610088 0.006903 0.010526
0 0.704512 0.600658 0.006657 0.010088
0 0.693664 0.566667 0.007150 0.010526
0 0.768245 0.716009 0.009369 0.012719
0 0.761958 0.697588 0.007643 0.014474
0 0.757520 0.685088 0.010108 0.014912
0 0.753945 0.671930 0.007890 0.012281
0 0.748521 0.661623 0.008383 0.012719
0 0.736810 0.632895 0.009122 0.012281
0 0.733605 0.620395 0.006657 0.010965
0 0.727441 0.604167 0.008136 0.011842
0 0.722510 0.594737 0.007643 0.009649
0 0.711292 0.565351 0.005917 0.009649
0 0.799433 0.723465 0.008629 0.015351
0 0.786736 0.691009 0.009862 0.015351
0 0.779586 0.673246 0.011834 0.015789
0 0.773792 0.660088 0.008136 0.020175
0 0.769231 0.648246 0.007396 0.021930
0 0.764670 0.637939 0.007643 0.018860
0 0.761095 0.627851 0.006903 0.018860
0 0.752096 0.609211 0.006164 0.014912
0 0.748028 0.598904 0.008876 0.019737
0 0.744453 0.588158 0.008136 0.017544
0 0.735084 0.573904 0.006657 0.013596
0 0.823102 0.720175 0.009122 0.015789
0 0.816691 0.706360 0.011095 0.013596
0 0.810158 0.689912 0.010355 0.014035
0 0.803501 0.677851 0.008876 0.011842
0 0.798447 0.667763 0.007150 0.010965
0 0.793516 0.657675 0.007643 0.013596
0 0.787599 0.646053 0.007150 0.011404
0 0.783777 0.635965 0.006903 0.009649
0 0.776011 0.617982 0.007150 0.011404
0 0.770833 0.607456 0.005178 0.007895
0 0.849112 0.722368 0.008383 0.012281
0 0.842702 0.710746 0.008383 0.014474
0 0.837648 0.696491 0.009615 0.013158
0 0.831854 0.685088 0.009369 0.014035
0 0.824704 0.671491 0.008383 0.013158
0 0.820759 0.661404 0.009369 0.012281
0 0.813733 0.653509 0.006657 0.009649
0 0.808555 0.642325 0.007150 0.009211
0 0.795242 0.614912 0.006164 0.011404
0 0.789941 0.605482 0.005424 0.010088
0 0.785133 0.596272 0.006164 0.007456
0 0.780572 0.587939 0.004931 0.007456
0 0.776504 0.582237 0.005178 0.009211
0 0.772559 0.574781 0.005671 0.008333
0 0.893368 0.712719 0.008136 0.014035
0 0.853427 0.685307 0.007150 0.010965
0 0.848373 0.674123 0.006903 0.010526
0 0.842456 0.666667 0.005424 0.010526
0 0.836045 0.654605 0.007396 0.009211
0 0.829882 0.643421 0.006410 0.009649
0 0.824334 0.633553 0.006657 0.010088
0 0.818787 0.624781 0.006410 0.010088
0 0.809048 0.607018 0.006164 0.008772
0 0.909393 0.699342 0.005671 0.011842
0 0.894354 0.675000 0.005671 0.011404
0 0.887697 0.665132 0.007643 0.009211
0 0.872535 0.642544 0.006903 0.012281
0 0.866987 0.632018 0.007150 0.012281
0 0.861193 0.622807 0.006410 0.010526
0 0.849729 0.606579 0.007643 0.010526
0 0.833210 0.580921 0.005671 0.010965
0 0.829512 0.575000 0.005178 0.008772
0 0.819773 0.562719 0.005424 0.008772
0 0.961415 0.707237 0.009122 0.013596
0 0.951923 0.692982 0.007890 0.013158
0 0.941568 0.677851 0.009369 0.014474
0 0.931460 0.664254 0.010355 0.015351
0 0.923077 0.652851 0.008383 0.013596
0 0.915804 0.640351 0.008136 0.014912
0 0.907421 0.629386 0.007643 0.015789
0 0.900148 0.619956 0.007396 0.014474
0 0.893614 0.610965 0.006657 0.010526
0 0.885108 0.600000 0.009862 0.014035
0 0.877342 0.590570 0.006657 0.010965
0 0.871425 0.581798 0.007150 0.012719
0 0.865138 0.573026 0.008383 0.014474
0 0.858235 0.566886 0.007890 0.010088
0 0.853304 0.558991 0.006410 0.010088
0 0.847017 0.549561 0.007150 0.012281
0 0.840360 0.540570 0.008136 0.014474
0 0.992234 0.714693 0.007643 0.017982
0 0.982495 0.701535 0.007396 0.017105
0 0.973619 0.688596 0.008383 0.014035
0 0.966223 0.680263 0.006410 0.017544
0 0.958333 0.670614 0.007890 0.016667
0 0.950814 0.658991 0.007643 0.016228
0 0.942554 0.647807 0.006410 0.012281
0 0.933309 0.636184 0.008136 0.012719
0 0.926036 0.627412 0.004438 0.008333
0 0.919502 0.618202 0.005671 0.010088
0 0.912722 0.609430 0.005917 0.011842
0 0.895464 0.584649 0.006903 0.011404
0 0.882890 0.570614 0.006903 0.012281
0 0.877219 0.565789 0.006410 0.008772
0 0.872165 0.558772 0.006657 0.011404
0 0.867234 0.551316 0.005671 0.011404
0 0.862796 0.544518 0.007150 0.011842
0 0.857002 0.538377 0.006410 0.010965
0 0.852564 0.531360 0.006410 0.011842
0 0.992973 0.686404 0.007643 0.014912
0 0.983358 0.675439 0.008136 0.011404
0 0.967086 0.653289 0.006164 0.011842
0 0.959566 0.641886 0.007396 0.012719
0 0.935651 0.612939 0.006410 0.010088
0 0.979536 0.640789 0.007890 0.015789
0 0.991248 0.635526 0.007150 0.012281
0 0.972140 0.631579 0.007396 0.012281
0 0.947608 0.605702 0.006657 0.014035
0 0.940952 0.594518 0.007643 0.012719
0 0.915804 0.591228 0.007643 0.011404
0 0.932569 0.586184 0.007643 0.012719
0 0.924803 0.578509 0.005917 0.011404
0 0.919009 0.571491 0.005671 0.010526
0 0.944650 0.581579 0.006164 0.013158
0 0.937377 0.574342 0.006903 0.013596
0 0.928748 0.566886 0.007396 0.010088
0 0.922337 0.557895 0.006903 0.013158
0 0.916790 0.551754 0.006164 0.012281
0 0.909763 0.544956 0.008383 0.012719
0 0.901381 0.551316 0.005424 0.014912
0 0.990138 0.589035 0.006903 0.013158
0 0.981386 0.582456 0.005671 0.014035
0 0.973743 0.575219 0.004684 0.010088
0 0.965853 0.567105 0.007150 0.014035
0 0.951800 0.553947 0.006164 0.011404
0 0.945390 0.546930 0.005671 0.012281
0 0.937870 0.541009 0.005424 0.010965
0 0.931953 0.534430 0.002959 0.010965
0 0.957964 0.574781 0.008136 0.017105
0 0.875986 0.507675 0.006903 0.013596
0 0.881040 0.514254 0.004684 0.010965
0 0.888067 0.518640 0.004438 0.012719
0 0.893614 0.525000 0.004684 0.013158
0 0.894601 0.544298 0.005178 0.011404
0 0.914448 0.516447 0.005424 0.011842
0 0.920981 0.522368 0.005671 0.011404
0 0.923200 0.509430 0.006164 0.010965
0 0.932199 0.505702 0.004931 0.010526
0 0.983358 0.510526 0.004684 0.014035
0 0.971154 0.501754 0.004931 0.010526
0 0.973619 0.557237 0.006903 0.012719
0 0.959813 0.596491 0.008876 0.016667
0 0.987673 0.543421 0.006903 0.012281
0 0.955251 0.512719 0.005671 0.008772
0 0.936884 0.496711 0.004438 0.010965
0 0.956854 0.479605 0.004438 0.008333
0 0.965360 0.476535 0.004191 0.007456
0 0.860823 0.489912 0.006164 0.011404
0 0.865631 0.495395 0.006410 0.012719
0 0.876603 0.479605 0.006657 0.013596
0 0.882027 0.483991 0.005178 0.010965
0 0.887697 0.488377 0.004684 0.011842
0 0.892628 0.494298 0.005178 0.009649
0 0.902244 0.489254 0.005178 0.010965
0 0.907668 0.494298 0.004684 0.010526
0 0.912229 0.498904 0.004931 0.010965
0 0.843319 0.521930 0.006164 0.014035
0 0.826553 0.521711 0.005671 0.014474
0 0.949951 0.521930 0.005917 0.011404
0 0.980769 0.479605 0.004931 0.009211
0 0.986563 0.483553 0.005178 0.009211
0 0.973496 0.517763 0.006657 0.011842
0 0.979660 0.524123 0.005178 0.011404
0 0.924556 0.475219 0.005424 0.010088
0 0.995685 0.480482 0.004191 0.009211
0 0.793516 0.580921 0.008136 0.010965
0 0.803748 0.597588 0.007890 0.010088
0 0.794995 0.552851 0.007643 0.010965
0 0.980276 0.451754 0.004931 0.007895
0 0.851331 0.481579 0.004931 0.010526
0 0.846400 0.477193 0.004438 0.010526
0 0.835306 0.496272 0.006410 0.010965
0 0.807939 0.542982 0.005424 0.013158
0 0.800419 0.530921 0.005671 0.013596
0 0.808309 0.498465 0.005178 0.010965
0 0.804364 0.492325 0.005671 0.012719
0 0.819403 0.461623 0.004684 0.008333
0 0.796351 0.482675 0.006410 0.012719
0 0.836045 0.451316 0.004438 0.009649
0 0.842825 0.446711 0.005178 0.010965
0 0.846770 0.450219 0.004191 0.010088
0 0.864029 0.442544 0.004191 0.009649
0 0.915557 0.466228 0.005671 0.007895
0 0.940582 0.527193 0.006410 0.011404
0 0.953402 0.539474 0.006903 0.012281
0 0.964990 0.455263 0.004931 0.009649
0 0.017505 0.433114 0.005424 0.008333
0 0.023052 0.427851 0.005671 0.008333
0 0.028107 0.423684 0.006410 0.008772
0 0.034640 0.418421 0.006657 0.008772
0 0.034640 0.429825 0.006164 0.008772
0 0.039571 0.425000 0.006164 0.008772
0 0.046598 0.419956 0.006410 0.008333
0 0.051898 0.414912 0.006657 0.009649
0 0.072732 0.421053 0.006903 0.008772
0 0.078033 0.416886 0.005178 0.006579
0 0.082347 0.411184 0.005917 0.008333
0 0.083580 0.424342 0.005424 0.009211
0 0.097510 0.425439 0.006657 0.008772
0 0.102194 0.419737 0.005671 0.009649
0 0.107495 0.414474 0.004931 0.009649
0 0.112673 0.410307 0.005424 0.009211
0 0.119946 0.416667 0.005671 0.009649
0 0.123644 0.409649 0.005671 0.009649
0 0.131287 0.401974 0.004684 0.009211
0 0.136834 0.398465 0.005917 0.010088
0 0.141765 0.394518 0.005424 0.010088
0 0.146573 0.389912 0.003698 0.008772
0 0.129808 0.422807 0.004191 0.007018
0 0.133999 0.418860 0.006164 0.007018
0 0.138190 0.413158 0.004191 0.007895
0 0.142505 0.408114 0.005917 0.007456
0 0.146943 0.403289 0.004931 0.009211
0 0.140779 0.425877 0.004931 0.010526
0 0.145217 0.419737 0.004931 0.008772
0 0.149532 0.414474 0.005178 0.009649
0 0.153723 0.409649 0.004684 0.007895
0 0.157791 0.404386 0.005424 0.009649
0 0.161736 0.400877 0.004931 0.010526
0 0.166543 0.395395 0.005178 0.012719
0 0.171351 0.392325 0.005424 0.011842
0 0.161612 0.417325 0.005671 0.008333
0 0.166174 0.412939 0.004438 0.007456
0 0.169379 0.407895 0.005917 0.007018
0 0.169132 0.424123 0.004438 0.006140
0 0.173323 0.421053 0.004931 0.007018
0 0.177268 0.415132 0.004931 0.008333
0 0.181460 0.396272 0.004931 0.007456
0 0.185774 0.391447 0.004684 0.005702
0 0.190089 0.388816 0.004931 0.007456
0 0.192801 0.396491 0.003945 0.007018
0 0.200937 0.389474 0.004438 0.006140
0 0.187623 0.418202 0.004931 0.007456
0 0.200074 0.402851 0.005178 0.005702
0 0.203649 0.400658 0.003945 0.003947
0 0.219181 0.413596 0.005424 0.007018
0 0.223003 0.408114 0.005178 0.008333
0 0.226824 0.404605 0.005424 0.005702
0 0.230153 0.398904 0.003698 0.005702
0 0.234098 0.395833 0.003205 0.005702
0 0.237673 0.390789 0.005424 0.006140
0 0.241741 0.388158 0.005671 0.006140
0 0.270833 0.395395 0.004191 0.008333
0 0.274408 0.393860 0.004931 0.008772
0 0.285873 0.397807 0.003698 0.007895
0 0.301529 0.396930 0.004931 0.007895
0 0.305227 0.390570 0.004438 0.007456
0 0.312993 0.380921 0.005178 0.007456
