0 0.066075 0.031579 0.042899 0.055263
0 0.159517 0.051535 0.049310 0.095175
0 0.107988 0.173684 0.055720 0.102632
0 0.053378 0.299561 0.053501 0.087719
0 0.285996 0.094518 0.068540 0.089912
0 0.240878 0.220395 0.053748 0.101316
0 0.197485 0.350877 0.067554 0.121930
0 0.153600 0.490132 0.054734 0.072368
0 0.078402 0.688596 0.080375 0.121930
0 0.031805 0.948026 0.062130 0.103070
0 0.428501 0.040351 0.053748 0.079825
0 0.407668 0.139254 0.058925 0.083772
0 0.390533 0.257675 0.061144 0.091667
0 0.345907 0.528289 0.072978 0.129386
0 0.291790 0.772368 0.084566 0.129825
0 0.482618 0.889693 0.093442 0.166228
0 0.508876 0.652412 0.055720 0.103070
0 0.513190 0.461623 0.066321 0.095175
0 0.533531 0.291886 0.044872 0.080263
0 0.545365 0.164254 0.055720 0.091667
0 0.558679 0.059211 0.050296 0.079825
0 0.714744 0.958772 0.079389 0.082456
0 0.714127 0.720833 0.078156 0.125877
0 0.699088 0.520614 0.071746 0.110526
0 0.690582 0.345395 0.073964 0.091667
0 0.686760 0.204386 0.057939 0.087719
0 0.679364 0.082237 0.057939 0.080263
0 0.678254 0.025000 0.055720 0.045614
0 0.930720 0.812500 0.091223 0.137281
0 0.888437 0.623684 0.064349 0.118421
0 0.869576 0.447149 0.069527 0.116228
0 0.830005 0.187939 0.058925 0.101316
0 0.814965 0.095395 0.048077 0.072368
0 0.809541 0.023246 0.056953 0.045614
0 0.980523 0.269956 0.036489 0.074123
0 0.967702 0.137500 0.060158 0.106579
0 0.936021 0.051535 0.063363 0.095175
