0 0.026381 0.863816 0.052268 0.156579
0 0.213141 0.828728 0.064349 0.112719
0 0.084443 0.566447 0.053501 0.083772
0 0.235084 0.616886 0.065335 0.104825
0 0.261834 0.442544 0.069527 0.110526
0 0.279956 0.301535 0.052515 0.091667
0 0.356632 0.940132 0.059911 0.114474
0 0.395710 0.514912 0.067554 0.118421
0 0.415680 0.350000 0.060158 0.089474
0 0.423693 0.223246 0.069773 0.114035
0 0.449951 0.037500 0.062130 0.074123
0 0.565705 0.950000 0.081607 0.100000
0 0.554980 0.714254 0.064103 0.116228
0 0.558185 0.514035 0.066568 0.100877
0 0.566815 0.348246 0.047337 0.089474
0 0.569403 0.220395 0.046105 0.062719
0 0.572115 0.107895 0.040680 0.058772
0 0.754931 0.739254 0.065582 0.093421
0 0.732372 0.529386 0.063363 0.100877
0 0.726455 0.342544 0.064349 0.108772
0 0.712648 0.183991 0.070759 0.104825
0 0.896943 0.572149 0.060158 0.117982
0 0.879315 0.369298 0.058925 0.142982
0 0.844428 0.211842 0.051282 0.110526
0 0.836415 0.069737 0.058925 0.112281
