0 0.202416 0.747588 0.105030 0.148684
0 0.177145 0.483553 0.056953 0.101316
0 0.193664 0.189912 0.083580 0.154386
0 0.190459 0.061184 0.096400 0.106579
0 0.430104 0.906140 0.108235 0.187719
0 0.693787 0.557018 0.099606 0.175439
0 0.650888 0.370833 0.091223 0.181140
0 0.614522 0.192544 0.089004 0.164035
0 0.573841 0.056579 0.095414 0.112281
0 0.903969 0.755263 0.089004 0.164035
0 0.857865 0.458772 0.127465 0.211404
0 0.794502 0.252632 0.078156 0.131579
0 0.734467 0.048904 0.048323 0.070614
0 0.980030 0.342544 0.039448 0.097368
0 0.949458 0.181140 0.064103 0.110526
