0 0.029586 0.975658 0.014300 0.025877
0 0.038955 0.937939 0.014300 0.024123
0 0.011218 0.951974 0.012574 0.021491
0 0.005794 0.981360 0.011095 0.025877
0 0.426159 0.956360 0.017505 0.037281
0 0.399655 0.968860 0.015286 0.030702
0 0.376233 0.984430 0.017751 0.025000
0 0.429241 0.911404 0.015779 0.031579
0 0.409887 0.926316 0.016519 0.039474
0 0.387821 0.934211 0.015779 0.031579
0 0.359961 0.957895 0.016272 0.027193
0 0.335306 0.972588 0.014300 0.023246
0 0.309295 0.983553 0.023422 0.030263
0 0.436391 0.873246 0.009862 0.021930
0 0.413092 0.884211 0.017998 0.028947
0 0.387451 0.899123 0.017505 0.023684
0 0.346524 0.917325 0.013560 0.029386
0 0.220661 0.982895 0.021696 0.026316
0 0.428871 0.845395 0.014546 0.022368
0 0.408531 0.852851 0.015779 0.025000
0 0.383383 0.872588 0.015286 0.028509
0 0.336662 0.893202 0.013560 0.019737
0 0.260725 0.932237 0.012081 0.020614
0 0.095661 0.976974 0.015779 0.023246
0 0.125863 0.962281 0.018491 0.028947
0 0.151504 0.950658 0.017505 0.024123
0 0.208087 0.926316 0.015286 0.028070
0 0.230523 0.909211 0.016765 0.028947
0 0.258506 0.899781 0.012081 0.018860
0 0.284517 0.887281 0.015779 0.028947
0 0.355893 0.846930 0.017998 0.026316
0 0.378945 0.837281 0.011834 0.023684
0 0.399162 0.826974 0.014793 0.025000
0 0.422954 0.813816 0.013560 0.022368
0 0.422584 0.782237 0.014300 0.025877
0 0.403107 0.790132 0.017751 0.034649
0 0.383506 0.803509 0.017505 0.028947
0 0.360947 0.816009 0.019231 0.031140
0 0.337032 0.828509 0.015779 0.028070
0 0.314596 0.838158 0.016272 0.023684
0 0.292530 0.848904 0.016519 0.024123
0 0.268738 0.864474 0.013807 0.023684
0 0.243590 0.869737 0.017258 0.028070
0 0.215730 0.885746 0.016765 0.031140
0 0.189596 0.896053 0.017258 0.027193
0 0.165311 0.909211 0.017012 0.028947
0 0.141026 0.919518 0.015779 0.025877
0 0.111440 0.943202 0.015286 0.024123
0 0.086662 0.950439 0.019477 0.028070
0 0.057816 0.963158 0.018984 0.028070
0 0.006657 0.923904 0.012821 0.025000
0 0.026381 0.912281 0.016272 0.024561
0 0.054364 0.898904 0.018491 0.030263
0 0.082594 0.885746 0.013807 0.021491
0 0.110454 0.876974 0.011341 0.019737
0 0.133383 0.863816 0.015779 0.021491
0 0.131534 0.895395 0.013067 0.020614
0 0.071006 0.924781 0.019724 0.027632
0 0.160873 0.882895 0.013067 0.019298
0 0.193664 0.868860 0.015039 0.021053
0 0.218812 0.855702 0.015039 0.026316
0 0.247658 0.844518 0.013560 0.021491
0 0.275025 0.827632 0.016026 0.023684
0 0.299803 0.818860 0.016272 0.023684
0 0.329882 0.804825 0.011341 0.020175
0 0.352441 0.793860 0.012081 0.014912
0 0.378945 0.775439 0.016272 0.021053
0 0.406435 0.767325 0.013560 0.017105
0 0.426652 0.758553 0.012081 0.018860
0 0.160380 0.850658 0.014546 0.019737
0 0.186884 0.840132 0.014793 0.019737
0 0.213018 0.830702 0.012821 0.023684
0 0.237796 0.818860 0.014053 0.021053
0 0.259369 0.807018 0.014793 0.021930
0 0.282175 0.800439 0.013560 0.019298
0 0.304734 0.790132 0.016765 0.024123
0 0.324581 0.783553 0.013067 0.019737
0 0.365878 0.762939 0.011834 0.024123
0 0.386095 0.750439 0.015286 0.021930
0 0.407298 0.744518 0.015286 0.024123
0 0.427515 0.734430 0.014300 0.018860
0 0.007890 0.889474 0.014300 0.026316
0 0.031435 0.876974 0.018491 0.022368
0 0.055227 0.867544 0.016765 0.026316
0 0.081361 0.860088 0.015779 0.020175
0 0.106016 0.846930 0.014793 0.023684
0 0.130671 0.836623 0.015286 0.025877
0 0.156312 0.826316 0.017258 0.026316
0 0.186514 0.813816 0.017012 0.024123
0 0.202293 0.805044 0.017012 0.024123
0 0.226455 0.796930 0.013560 0.021930
0 0.246672 0.787939 0.012081 0.019737
0 0.269601 0.775658 0.012081 0.019737
0 0.290804 0.768202 0.012574 0.023246
0 0.310528 0.761623 0.013067 0.020614
0 0.355030 0.743860 0.014300 0.020175
0 0.372535 0.735746 0.009369 0.018860
0 0.391889 0.723904 0.014053 0.021491
0 0.408654 0.715351 0.011588 0.018421
0 0.429364 0.708553 0.013560 0.025877
0 0.007890 0.839474 0.015286 0.030702
0 0.030079 0.830044 0.014300 0.024123
0 0.033531 0.855702 0.014793 0.019298
0 0.058309 0.844518 0.012574 0.015351
0 0.084443 0.835746 0.012574 0.017105
0 0.107249 0.826316 0.015779 0.021053
0 0.130671 0.814474 0.019231 0.024561
0 0.153230 0.805044 0.014546 0.021491
0 0.185158 0.795395 0.013807 0.021491
0 0.205375 0.785088 0.011834 0.015789
0 0.054241 0.823465 0.015779 0.019737
0 0.080745 0.813816 0.013067 0.018860
0 0.104167 0.804167 0.015533 0.024123
0 0.129315 0.791009 0.018491 0.021491
0 0.150025 0.780044 0.014546 0.021491
0 0.173940 0.769518 0.012081 0.020614
0 0.198595 0.762939 0.012574 0.020614
0 0.241741 0.747588 0.013560 0.019737
0 0.260232 0.737281 0.010602 0.017544
0 0.281312 0.730702 0.011834 0.014912
0 0.292653 0.748246 0.009862 0.014912
0 0.313733 0.743202 0.013067 0.014474
0 0.335799 0.732018 0.013807 0.019298
0 0.354660 0.723246 0.012081 0.018421
0 0.017012 0.808553 0.016765 0.020614
0 0.041667 0.801974 0.015779 0.019737
0 0.064596 0.793860 0.014300 0.024561
0 0.088881 0.785088 0.014053 0.015789
0 0.112303 0.772588 0.016519 0.019737
0 0.134739 0.765351 0.013560 0.017544
0 0.157298 0.751974 0.015286 0.023246
0 0.181953 0.748465 0.011834 0.020614
0 0.204882 0.740132 0.012821 0.018860
0 0.248028 0.721711 0.014300 0.020614
0 0.267012 0.715132 0.011834 0.021491
0 0.288092 0.705044 0.013067 0.019737
0 0.306953 0.695395 0.009369 0.018860
0 0.329019 0.688816 0.012574 0.025000
0 0.347017 0.680044 0.014053 0.024123
0 0.364892 0.673904 0.010848 0.025877
0 0.382520 0.666667 0.012574 0.026316
0 0.401874 0.658553 0.009862 0.020614
0 0.417530 0.656579 0.012081 0.027193
0 0.434172 0.650439 0.009862 0.023684
0 0.024655 0.785746 0.015286 0.020614
0 0.048447 0.778509 0.013067 0.020175
0 0.069650 0.767325 0.013560 0.019737
0 0.092949 0.759430 0.015286 0.020614
0 0.118220 0.750658 0.012574 0.020614
0 0.139793 0.744737 0.014793 0.018421
0 0.163585 0.733553 0.013560 0.016228
0 0.185651 0.724123 0.014793 0.022807
0 0.208087 0.716667 0.013807 0.018421
0 0.226948 0.710746 0.013067 0.017105
0 0.250247 0.704167 0.014300 0.017982
0 0.269724 0.693860 0.010848 0.017544
0 0.289818 0.685088 0.011588 0.017544
0 0.307446 0.674123 0.011341 0.017544
0 0.319034 0.662281 0.009862 0.019298
0 0.336292 0.654167 0.009862 0.016228
0 0.351455 0.651316 0.009122 0.014912
0 0.386095 0.637281 0.012327 0.016667
0 0.402367 0.632895 0.009369 0.013158
0 0.417653 0.626974 0.009369 0.014474
0 0.033161 0.748904 0.013560 0.015351
0 0.057446 0.737281 0.013807 0.020175
0 0.080745 0.732237 0.012081 0.014474
0 0.101948 0.722588 0.013560 0.018860
0 0.123028 0.716009 0.014300 0.015351
0 0.141889 0.704825 0.014546 0.015789
0 0.166790 0.696053 0.012574 0.018421
0 0.188240 0.687939 0.013067 0.018860
0 0.206731 0.667544 0.011095 0.017544
0 0.233728 0.671053 0.010355 0.020175
0 0.251233 0.662939 0.011341 0.018860
0 0.290804 0.653509 0.014053 0.021053
0 0.306090 0.645395 0.011588 0.017982
0 0.007027 0.738816 0.012574 0.022368
0 0.026381 0.732237 0.012327 0.024123
0 0.038955 0.709430 0.013807 0.015351
0 0.016889 0.702851 0.012574 0.021491
0 0.022313 0.679825 0.012574 0.015789
0 0.040804 0.675658 0.012081 0.016228
0 0.059295 0.666667 0.013560 0.019298
0 0.055720 0.687281 0.015286 0.021053
0 0.074088 0.675439 0.013067 0.019298
0 0.077663 0.659211 0.011834 0.018421
0 0.074088 0.637281 0.014053 0.015789
0 0.100222 0.657895 0.013067 0.018421
0 0.101455 0.638816 0.011095 0.017105
0 0.114892 0.681360 0.015779 0.020614
0 0.116741 0.647588 0.013560 0.023246
0 0.136958 0.673904 0.014053 0.020614
0 0.088018 0.707018 0.011341 0.018421
0 0.156805 0.667544 0.013807 0.017544
0 0.154093 0.636404 0.013807 0.017544
0 0.112303 0.612281 0.010602 0.014912
0 0.094305 0.617325 0.011588 0.013596
0 0.091963 0.602632 0.008383 0.014912
0 0.162599 0.621053 0.010108 0.016667
0 0.144231 0.600658 0.011341 0.015351
0 0.142012 0.614474 0.009369 0.012281
0 0.141149 0.629167 0.013067 0.017982
0 0.146943 0.585965 0.010355 0.013158
0 0.181583 0.615132 0.011588 0.017105
0 0.171598 0.643202 0.011341 0.018860
0 0.209813 0.633553 0.010848 0.020614
0 0.190459 0.600439 0.011588 0.018421
0 0.189103 0.641667 0.009862 0.016667
0 0.232372 0.643860 0.012081 0.014035
0 0.228797 0.627851 0.014793 0.015351
0 0.261218 0.650439 0.013067 0.018421
0 0.243590 0.609211 0.010848 0.017544
0 0.266519 0.629825 0.009862 0.017544
0 0.300173 0.621053 0.011588 0.014035
0 0.299803 0.604825 0.010848 0.014035
0 0.325814 0.643202 0.011588 0.018860
0 0.330868 0.626974 0.011341 0.017105
0 0.317308 0.614474 0.008383 0.015789
0 0.347017 0.619737 0.009122 0.018421
0 0.376233 0.611623 0.007396 0.010088
0 0.396943 0.577851 0.008876 0.015351
0 0.253452 0.595395 0.007396 0.016228
0 0.272806 0.591009 0.009122 0.015351
0 0.289078 0.587939 0.008136 0.012719
0 0.310528 0.589474 0.010108 0.014912
0 0.022313 0.587281 0.010602 0.015789
0 0.040434 0.583553 0.010848 0.019737
0 0.058309 0.578509 0.011095 0.018421
0 0.078033 0.573246 0.013067 0.021053
0 0.092456 0.563158 0.009369 0.017544
0 0.111440 0.558553 0.010848 0.017982
0 0.129438 0.554825 0.009862 0.017544
0 0.146450 0.550658 0.010848 0.015351
0 0.162106 0.544737 0.007150 0.014912
0 0.176159 0.539474 0.011588 0.017544
0 0.195020 0.536404 0.011341 0.016667
0 0.208950 0.534211 0.009615 0.017544
0 0.226085 0.532018 0.009369 0.013158
0 0.240385 0.526316 0.007890 0.014035
0 0.255178 0.524123 0.009369 0.016667
0 0.269724 0.520395 0.009862 0.014474
0 0.282668 0.521053 0.008136 0.013158
0 0.295365 0.516009 0.010355 0.017982
0 0.310651 0.514474 0.010848 0.017544
0 0.323718 0.512281 0.009862 0.017544
0 0.338018 0.508553 0.009369 0.018860
0 0.352441 0.506579 0.011095 0.013158
0 0.365385 0.503509 0.006410 0.012281
0 0.378082 0.502632 0.009122 0.014035
0 0.350592 0.545395 0.010848 0.013596
0 0.337648 0.548246 0.012081 0.016667
0 0.283654 0.562939 0.012081 0.017105
0 0.240508 0.573904 0.012574 0.018860
0 0.255178 0.571053 0.009862 0.014912
0 0.254438 0.557237 0.008876 0.015351
0 0.269724 0.546272 0.010355 0.015351
0 0.448225 0.944737 0.016765 0.026316
0 0.472880 0.929825 0.017258 0.026316
0 0.452170 0.900658 0.020710 0.033772
0 0.474236 0.891009 0.016026 0.026754
0 0.457101 0.861404 0.014793 0.026316
0 0.473743 0.856579 0.015039 0.031579
0 0.452170 0.835746 0.014793 0.019737
0 0.472017 0.823246 0.017012 0.028947
0 0.473373 0.760088 0.014300 0.026316
0 0.472510 0.713816 0.012081 0.023246
0 0.461292 0.644737 0.010848 0.019298
0 0.472017 0.619737 0.006657 0.018421
0 0.545365 0.932237 0.015779 0.020614
0 0.543393 0.887939 0.016272 0.033772
0 0.534024 0.818860 0.011341 0.020175
0 0.532791 0.792325 0.009862 0.021491
0 0.527244 0.743860 0.011095 0.019298
0 0.523669 0.716667 0.009862 0.016667
0 0.521943 0.694737 0.009862 0.014912
0 0.518738 0.677632 0.010848 0.016667
0 0.512944 0.607895 0.008136 0.014912
0 0.515163 0.623465 0.007150 0.015351
0 0.554364 0.849123 0.012081 0.017544
0 0.571376 0.838158 0.015039 0.023684
0 0.587648 0.828509 0.013067 0.025439
0 0.624014 0.810088 0.014793 0.019298
0 0.590607 0.910088 0.014053 0.023684
0 0.567678 0.918202 0.018491 0.022368
0 0.599236 0.946711 0.015039 0.025877
0 0.687747 0.983553 0.017505 0.032018
0 0.709936 0.972588 0.013067 0.036404
0 0.656435 0.823904 0.013067 0.025877
0 0.686884 0.776974 0.010848 0.018860
0 0.539448 0.736404 0.009369 0.014912
0 0.551529 0.728509 0.009369 0.019298
0 0.568294 0.721053 0.009369 0.019298
0 0.582594 0.712281 0.007890 0.015789
0 0.600962 0.706579 0.007150 0.013158
0 0.624877 0.929825 0.012574 0.018421
0 0.642382 0.971930 0.015533 0.022807
0 0.663955 0.956360 0.014793 0.023246
0 0.680597 0.943860 0.014053 0.023684
0 0.699088 0.928509 0.013560 0.022807
0 0.611810 0.900439 0.014546 0.021053
0 0.622658 0.724781 0.011095 0.014474
0 0.617604 0.701316 0.009369 0.016667
0 0.631657 0.695395 0.008876 0.013596
0 0.644231 0.688816 0.008876 0.010965
0 0.676159 0.676974 0.009615 0.012719
0 0.688733 0.671053 0.011588 0.016667
0 0.703156 0.666009 0.009369 0.015351
0 0.668516 0.702851 0.011588 0.015351
0 0.682446 0.696930 0.010848 0.016667
0 0.696376 0.688158 0.012081 0.013158
0 0.710799 0.685088 0.011341 0.017544
0 0.599729 0.684211 0.011095 0.014912
0 0.629808 0.671930 0.009615 0.014035
0 0.646820 0.668202 0.011095 0.017105
0 0.660750 0.660088 0.011341 0.015789
0 0.676652 0.655702 0.008136 0.014912
0 0.692308 0.650439 0.008876 0.014035
0 0.705745 0.643860 0.010602 0.016667
0 0.556090 0.702632 0.009615 0.014035
0 0.537599 0.710088 0.012574 0.019298
0 0.534887 0.690132 0.011588 0.017982
0 0.537722 0.615351 0.009369 0.013158
0 0.550173 0.610088 0.013067 0.015789
0 0.564596 0.607895 0.008876 0.011404
0 0.579019 0.602632 0.008136 0.013158
0 0.593442 0.598246 0.008383 0.011404
0 0.605030 0.595395 0.007396 0.013596
0 0.616371 0.589474 0.009369 0.011404
0 0.627959 0.587281 0.009862 0.013158
0 0.556583 0.682018 0.011588 0.014912
0 0.571869 0.674123 0.012081 0.017544
0 0.587032 0.668860 0.010355 0.014912
0 0.604290 0.662281 0.009862 0.014035
0 0.162599 0.571272 0.008136 0.011842
0 0.115015 0.585088 0.007643 0.013158
0 0.035380 0.553509 0.009122 0.014912
0 0.089374 0.517544 0.009122 0.011404
0 0.054241 0.511623 0.008876 0.015351
0 0.038955 0.517325 0.008383 0.012719
0 0.024162 0.521930 0.009862 0.012281
0 0.016519 0.542325 0.009369 0.012719
0 0.141149 0.494737 0.008136 0.013158
0 0.221524 0.476974 0.006657 0.011842
0 0.589374 0.630044 0.007150 0.014474
0 0.650025 0.592544 0.008136 0.009649
0 0.661736 0.590351 0.009369 0.014035
0 0.675789 0.585746 0.009862 0.015351
0 0.687377 0.582237 0.008876 0.014474
0 0.698595 0.578289 0.008629 0.011842
0 0.709443 0.573246 0.009122 0.014035
0 0.722017 0.571272 0.007150 0.011842
0 0.733235 0.566667 0.008876 0.013158
0 0.744453 0.562939 0.008629 0.011842
0 0.756164 0.560746 0.007890 0.011842
0 0.719798 0.637939 0.008629 0.014474
0 0.733235 0.631360 0.009369 0.017105
0 0.746795 0.627851 0.009369 0.016228
0 0.759739 0.623246 0.009122 0.014035
0 0.774532 0.616667 0.008629 0.015789
0 0.718812 0.659430 0.008136 0.012719
0 0.740508 0.647588 0.010108 0.014474
0 0.755301 0.641667 0.010602 0.016667
0 0.779463 0.654167 0.008629 0.018860
0 0.791297 0.646053 0.009122 0.014035
0 0.791174 0.627632 0.009862 0.013158
0 0.716593 0.760746 0.007150 0.016228
0 0.762081 0.738816 0.010848 0.012719
0 0.787599 0.727632 0.012081 0.014912
0 0.811884 0.713158 0.009862 0.014912
0 0.825937 0.703509 0.009369 0.016667
0 0.838018 0.696930 0.008383 0.013158
0 0.858235 0.686404 0.012327 0.016667
0 0.831731 0.726974 0.011588 0.017982
0 0.845168 0.721053 0.008383 0.016667
0 0.858235 0.715132 0.009369 0.015351
0 0.868097 0.709211 0.009369 0.017544
0 0.761588 0.802632 0.013314 0.019298
0 0.746672 0.811623 0.015039 0.021491
0 0.702293 0.800439 0.008136 0.013158
0 0.599729 0.610965 0.008136 0.013158
0 0.571869 0.619518 0.008629 0.012719
0 0.828526 0.675439 0.010108 0.019298
0 0.816445 0.679825 0.011095 0.021930
0 0.804241 0.687281 0.009369 0.016667
0 0.791667 0.691009 0.008876 0.017982
0 0.814596 0.637281 0.008383 0.016667
0 0.825444 0.632895 0.008876 0.015789
0 0.836662 0.610088 0.009615 0.014035
0 0.826307 0.599123 0.009615 0.014912
0 0.839374 0.596053 0.008629 0.014035
0 0.804364 0.571930 0.008136 0.010526
0 0.814596 0.568860 0.008383 0.010526
0 0.864152 0.822588 0.014300 0.020614
0 0.819527 0.847588 0.011341 0.017105
0 0.714744 0.832895 0.012821 0.016667
0 0.732002 0.724781 0.010355 0.014474
0 0.813363 0.602851 0.006903 0.015351
0 0.728304 0.599781 0.007890 0.011842
0 0.738166 0.594737 0.009369 0.012281
0 0.725592 0.618202 0.007890 0.010088
0 0.832101 0.766009 0.008876 0.015351
0 0.845291 0.757895 0.009615 0.013158
0 0.523792 0.601974 0.008136 0.012719
0 0.567801 0.580044 0.010848 0.010088
0 0.849236 0.588596 0.008136 0.014035
0 0.859221 0.583553 0.007890 0.012719
0 0.856879 0.602632 0.009615 0.013158
0 0.769601 0.682237 0.010602 0.017105
0 0.781435 0.676316 0.009122 0.014035
0 0.793023 0.671053 0.009615 0.014912
0 0.643368 0.611623 0.007643 0.010088
0 0.529463 0.551974 0.007150 0.008333
0 0.542530 0.547588 0.007150 0.010965
0 0.554241 0.543860 0.007396 0.009649
0 0.565459 0.541667 0.007150 0.009649
0 0.577293 0.538816 0.007150 0.010088
0 0.589744 0.535965 0.006903 0.009649
0 0.559295 0.568202 0.006657 0.010965
0 0.573102 0.562281 0.007150 0.010526
0 0.584936 0.560088 0.008136 0.010526
0 0.597880 0.544737 0.007396 0.009649
0 0.618590 0.551316 0.005917 0.007895
0 0.667530 0.504167 0.006657 0.010965
0 0.672954 0.512939 0.008136 0.011842
0 0.521820 0.524123 0.007150 0.009649
0 0.541667 0.526096 0.006903 0.011842
0 0.549310 0.515351 0.006410 0.009649
0 0.562377 0.512939 0.007890 0.011842
0 0.572239 0.509211 0.007890 0.010526
0 0.583457 0.506360 0.007643 0.010088
0 0.594305 0.503509 0.006657 0.009649
0 0.605153 0.502632 0.006164 0.010526
0 0.612303 0.508553 0.006657 0.010965
0 0.622165 0.506360 0.006657 0.011842
0 0.642875 0.501096 0.006657 0.011842
0 0.764177 0.555702 0.008136 0.013158
0 0.773669 0.551316 0.006903 0.010526
0 0.785750 0.550439 0.007890 0.013158
0 0.797091 0.548465 0.007396 0.010965
0 0.805597 0.544737 0.006657 0.010526
0 0.778600 0.759430 0.010355 0.017105
0 0.751726 0.849123 0.012821 0.016667
0 0.617727 0.566009 0.008136 0.010088
0 0.726578 0.521053 0.006410 0.009649
0 0.734591 0.530044 0.006657 0.010088
0 0.743097 0.527851 0.005917 0.011842
0 0.672584 0.487939 0.007396 0.010965
0 0.729660 0.501316 0.007150 0.010526
0 0.738166 0.496711 0.006903 0.009211
0 0.747658 0.495395 0.006657 0.011842
0 0.756657 0.493860 0.006410 0.009649
0 0.781435 0.501316 0.005178 0.009649
0 0.567801 0.461623 0.006903 0.010965
0 0.576677 0.458553 0.005917 0.011842
0 0.589867 0.450439 0.006164 0.014035
0 0.524532 0.468860 0.006657 0.013158
0 0.538462 0.458553 0.005917 0.011842
0 0.604536 0.452632 0.005424 0.013158
0 0.599236 0.447588 0.007150 0.012719
0 0.617604 0.444518 0.005424 0.010965
0 0.629808 0.449123 0.006164 0.009649
0 0.638314 0.446930 0.003945 0.012281
0 0.580868 0.426316 0.005424 0.011404
0 0.567308 0.434211 0.005917 0.013158
0 0.735454 0.426316 0.003945 0.010526
0 0.740878 0.437281 0.005424 0.009649
0 0.732495 0.957456 0.015779 0.022807
0 0.750370 0.942105 0.014546 0.023684
0 0.769601 0.927851 0.014053 0.021491
0 0.789571 0.915570 0.013067 0.022368
0 0.808679 0.904167 0.013807 0.024123
0 0.825197 0.892105 0.013314 0.020175
0 0.841100 0.880482 0.012574 0.016228
0 0.753575 0.990351 0.013560 0.019298
0 0.777120 0.982237 0.014793 0.023246
0 0.797954 0.961623 0.018491 0.034649
0 0.815952 0.947149 0.018984 0.025877
0 0.837155 0.931798 0.019477 0.026754
0 0.842332 0.986623 0.020957 0.026754
0 0.860084 0.969518 0.017998 0.022368
0 0.877342 0.956360 0.017012 0.020614
0 0.908037 0.928070 0.010848 0.017544
0 0.927392 0.917325 0.014053 0.020614
0 0.940828 0.903289 0.013807 0.020614
0 0.956114 0.891228 0.014793 0.022807
0 0.972017 0.874342 0.017505 0.024123
0 0.985084 0.862939 0.012081 0.021491
0 0.857125 0.918640 0.017505 0.023246
0 0.870316 0.909868 0.013314 0.027632
0 0.884985 0.898465 0.017505 0.020614
0 0.901997 0.885746 0.017998 0.024123
0 0.917406 0.870395 0.016272 0.021491
0 0.930843 0.859430 0.015533 0.027632
0 0.945759 0.850000 0.015286 0.026316
0 0.958703 0.836623 0.014546 0.028509
0 0.971524 0.823904 0.014053 0.022368
0 0.985577 0.809868 0.012081 0.024123
0 0.872411 0.857237 0.010108 0.017982
0 0.887697 0.848246 0.012081 0.014912
0 0.875863 0.812939 0.013560 0.020614
0 0.888683 0.801754 0.011095 0.014912
0 0.940459 0.768421 0.012081 0.019298
0 0.962401 0.753070 0.013560 0.018421
0 0.975468 0.747368 0.010602 0.018421
0 0.985700 0.738816 0.010848 0.021491
0 0.859591 0.786184 0.010602 0.016228
0 0.872658 0.776535 0.011588 0.018860
0 0.885478 0.768860 0.013067 0.018421
0 0.881780 0.705044 0.011095 0.017982
0 0.891272 0.700219 0.013314 0.019737
0 0.902244 0.836623 0.011095 0.017982
0 0.915064 0.823465 0.012574 0.021491
0 0.928254 0.811842 0.012821 0.022807
0 0.941938 0.799781 0.014546 0.024123
0 0.957101 0.793640 0.012821 0.023246
0 0.970168 0.782456 0.013807 0.019298
0 0.982618 0.773904 0.013067 0.021491
0 0.900025 0.757237 0.011588 0.021491
0 0.913092 0.752632 0.011588 0.017544
0 0.924556 0.742325 0.010355 0.016228
0 0.956607 0.722807 0.011341 0.017544
0 0.967579 0.715351 0.010602 0.023684
0 0.870562 0.683114 0.011341 0.015351
0 0.881780 0.679825 0.010108 0.017544
0 0.908777 0.721930 0.010355 0.017544
0 0.921105 0.712281 0.009862 0.014035
0 0.947485 0.697807 0.008383 0.015789
0 0.959813 0.689254 0.009369 0.016228
0 0.970168 0.684649 0.009369 0.015789
0 0.902737 0.692325 0.011095 0.018860
0 0.915434 0.686842 0.006903 0.013158
0 0.932692 0.677851 0.010848 0.017982
0 0.954265 0.667325 0.010108 0.016228
0 0.964990 0.661404 0.009369 0.014912
0 0.904093 0.669079 0.011341 0.020614
0 0.912968 0.663158 0.009369 0.015789
0 0.921721 0.657895 0.011095 0.020175
0 0.934295 0.652193 0.010108 0.018421
0 0.943540 0.648026 0.009369 0.017982
0 0.952663 0.641009 0.007890 0.017105
0 0.962525 0.638377 0.008876 0.020614
0 0.841469 0.670175 0.007890 0.016667
0 0.865385 0.660965 0.008383 0.015789
0 0.876479 0.654386 0.007890 0.014912
0 0.886834 0.651316 0.007396 0.016667
0 0.899901 0.643640 0.006410 0.012719
0 0.920365 0.633772 0.005424 0.014912
0 0.929364 0.631798 0.006164 0.015351
0 0.937377 0.626316 0.007890 0.016667
0 0.972387 0.635965 0.008383 0.019298
0 0.804487 0.664035 0.010355 0.017544
0 0.814719 0.656140 0.010108 0.016667
0 0.827539 0.654825 0.009615 0.015789
0 0.836908 0.649561 0.011588 0.013158
0 0.847880 0.643421 0.008383 0.017544
0 0.859221 0.638816 0.010848 0.019737
0 0.869083 0.635965 0.008383 0.017544
0 0.877712 0.632675 0.008876 0.018860
0 0.887081 0.628509 0.007890 0.014035
0 0.897559 0.623246 0.008136 0.016667
0 0.889793 0.607895 0.008876 0.012281
0 0.900888 0.603289 0.009369 0.016228
0 0.910503 0.600439 0.007396 0.014035
0 0.919872 0.597368 0.006410 0.016667
0 0.929241 0.594298 0.007396 0.016667
0 0.937130 0.591667 0.006410 0.016667
0 0.947115 0.587719 0.007150 0.014912
0 0.954758 0.586842 0.006657 0.016667
0 0.962648 0.585526 0.006657 0.019298
0 0.876603 0.594956 0.009122 0.023246
0 0.887327 0.591228 0.007396 0.019298
0 0.895217 0.586404 0.009369 0.015789
0 0.905942 0.584211 0.007643 0.014912
0 0.914571 0.582018 0.007150 0.015789
0 0.924556 0.580263 0.006410 0.014912
0 0.881410 0.564912 0.007890 0.017544
0 0.919749 0.565789 0.006657 0.013158
0 0.833950 0.526974 0.008629 0.013596
0 0.935897 0.452632 0.005917 0.009649
0 0.880178 0.430263 0.005424 0.012281
0 0.905695 0.438596 0.005178 0.011404
0 0.845661 0.425219 0.006410 0.011842
0 0.870316 0.422588 0.006410 0.012719
0 0.920858 0.430482 0.006410 0.011842
0 0.947115 0.443860 0.006164 0.010526
0 0.678501 0.416886 0.005424 0.005702
0 0.779956 0.410965 0.004684 0.010526
0 0.799063 0.413158 0.005424 0.010526
0 0.910380 0.426754 0.006657 0.011404
0 0.958457 0.452412 0.006164 0.010965
0 0.981755 0.466447 0.005917 0.012719
0 0.966346 0.464035 0.004684 0.010526
0 0.957594 0.437500 0.006410 0.011842
0 0.964620 0.448684 0.004684 0.010526
0 0.975222 0.455263 0.005671 0.011404
0 0.979043 0.428728 0.005917 0.011842
