0 0.156805 0.875658 0.018245 0.030263
0 0.196746 0.896053 0.014793 0.022807
0 0.125247 0.944518 0.014300 0.025877
0 0.150148 0.939474 0.015286 0.028070
0 0.178008 0.930044 0.015779 0.024123
0 0.053748 0.943202 0.012327 0.023246
0 0.095168 0.926974 0.010355 0.016228
0 0.119946 0.919737 0.009122 0.018421
0 0.129808 0.885746 0.011095 0.021491
0 0.057076 0.885088 0.013560 0.021930
0 0.082594 0.873904 0.014793 0.025877
0 0.107372 0.867544 0.008136 0.016667
0 0.130794 0.858772 0.012574 0.022807
0 0.172584 0.902851 0.013807 0.028509
0 0.185158 0.871711 0.008876 0.016228
0 0.209936 0.861404 0.008629 0.019298
0 0.223373 0.885746 0.017258 0.025877
0 0.157175 0.977851 0.010108 0.022368
0 0.152367 0.849123 0.015779 0.022807
0 0.178008 0.841009 0.016272 0.029386
0 0.200814 0.835746 0.011588 0.023246
0 0.052022 0.857237 0.009369 0.015351
0 0.090730 0.843202 0.009862 0.016228
0 0.112673 0.837939 0.011341 0.018860
0 0.137081 0.830702 0.009369 0.015789
0 0.183802 0.810965 0.013560 0.021930
0 0.204389 0.804167 0.015779 0.023246
0 0.094675 0.796711 0.009862 0.015351
0 0.116248 0.813158 0.010108 0.022807
0 0.048817 0.834211 0.010355 0.019298
0 0.072239 0.828289 0.010848 0.015351
0 0.116371 0.788158 0.009862 0.016667
0 0.139670 0.780702 0.013067 0.023684
0 0.160750 0.774781 0.012327 0.020614
0 0.164941 0.796711 0.009369 0.014474
0 0.187377 0.788158 0.008876 0.014035
0 0.183802 0.767544 0.014053 0.019298
0 0.206731 0.761404 0.012081 0.017544
0 0.066445 0.782895 0.010108 0.014035
0 0.088881 0.775439 0.013560 0.019298
0 0.109098 0.772588 0.012081 0.018860
0 0.132027 0.763816 0.010108 0.018860
0 0.150888 0.754167 0.015286 0.020614
0 0.173447 0.748465 0.012574 0.020614
0 0.196869 0.741009 0.013067 0.019737
0 0.217456 0.734211 0.014300 0.023684
0 0.057939 0.765132 0.010355 0.017105
0 0.076800 0.758553 0.012574 0.019737
0 0.097880 0.750439 0.014300 0.018421
0 0.118220 0.744518 0.012081 0.020614
0 0.138437 0.738158 0.011588 0.019298
0 0.159887 0.732018 0.014546 0.023684
0 0.181583 0.727632 0.012081 0.017544
0 0.204019 0.720395 0.012081 0.018860
0 0.226455 0.718860 0.012081 0.020175
0 0.225592 0.825439 0.014793 0.028070
0 0.227811 0.797588 0.013807 0.024123
0 0.227811 0.754825 0.011834 0.019298
0 0.054364 0.730702 0.009615 0.015789
0 0.069527 0.726316 0.010848 0.016667
0 0.081361 0.721930 0.009862 0.017544
0 0.096031 0.718202 0.010602 0.014474
0 0.076800 0.741667 0.009122 0.014912
0 0.096524 0.735088 0.011588 0.017544
0 0.115878 0.730044 0.011341 0.017105
0 0.136218 0.720395 0.009615 0.014474
0 0.155819 0.717325 0.012821 0.017105
0 0.050666 0.807895 0.012081 0.014912
0 0.067308 0.805044 0.010848 0.014474
0 0.044009 0.704825 0.007643 0.014035
0 0.057322 0.710088 0.013067 0.015789
0 0.074951 0.705702 0.012821 0.016667
0 0.095168 0.700658 0.011341 0.015351
0 0.114522 0.715132 0.011095 0.019737
0 0.114522 0.696930 0.011095 0.018421
0 0.132150 0.709430 0.009862 0.017982
0 0.152244 0.704386 0.011588 0.018421
0 0.171598 0.697588 0.013314 0.022368
0 0.213388 0.685746 0.011588 0.018860
0 0.225962 0.663816 0.010108 0.018860
0 0.206607 0.671053 0.009862 0.019298
0 0.187870 0.674123 0.009369 0.016667
0 0.170242 0.680702 0.013067 0.019298
0 0.151011 0.682895 0.011095 0.020175
0 0.132150 0.688816 0.010848 0.017982
0 0.055720 0.694518 0.010355 0.017105
0 0.074458 0.692325 0.011834 0.018860
0 0.092086 0.686623 0.010602 0.015351
0 0.111810 0.680482 0.009122 0.016228
0 0.128945 0.673904 0.012821 0.018860
0 0.146943 0.670395 0.010355 0.015351
0 0.164818 0.665351 0.010602 0.021930
0 0.183679 0.660965 0.010848 0.017544
0 0.200814 0.657018 0.007643 0.013158
0 0.218442 0.651974 0.007890 0.016228
0 0.043886 0.684430 0.009862 0.015351
0 0.056953 0.678509 0.009369 0.020175
0 0.044872 0.668860 0.010848 0.019298
0 0.061884 0.662939 0.009369 0.017982
0 0.079882 0.658553 0.011341 0.021491
0 0.099236 0.651974 0.009122 0.014474
0 0.116741 0.648904 0.012081 0.017982
0 0.091223 0.669737 0.011834 0.013158
0 0.110084 0.664474 0.014053 0.015789
0 0.129438 0.660746 0.009369 0.017105
0 0.143861 0.656360 0.009122 0.015351
0 0.166667 0.651316 0.011341 0.017544
0 0.180227 0.645395 0.011834 0.017982
0 0.199458 0.641009 0.012327 0.017105
0 0.215237 0.637939 0.010848 0.021491
0 0.041174 0.648246 0.009369 0.014912
0 0.053871 0.640351 0.009615 0.015789
0 0.065582 0.626316 0.008876 0.014912
0 0.044009 0.620395 0.008629 0.012719
0 0.058309 0.615351 0.008136 0.013158
0 0.030819 0.626974 0.005917 0.010088
0 0.023299 0.640351 0.008136 0.013158
0 0.090237 0.631579 0.008876 0.013158
0 0.106879 0.625658 0.009122 0.013596
0 0.123028 0.622588 0.009369 0.016228
0 0.139300 0.616886 0.011341 0.016228
0 0.133506 0.641009 0.009615 0.017982
0 0.151504 0.635746 0.009615 0.018860
0 0.168516 0.632895 0.009615 0.017544
0 0.185158 0.627632 0.010848 0.018421
0 0.204019 0.624123 0.011095 0.017544
0 0.219798 0.616667 0.012081 0.019298
0 0.092949 0.618860 0.008383 0.013158
0 0.088881 0.607895 0.009122 0.011404
0 0.079019 0.598246 0.008136 0.014035
0 0.109591 0.613596 0.009615 0.014035
0 0.127219 0.607895 0.010848 0.015789
0 0.156805 0.613158 0.008383 0.014035
0 0.158161 0.599781 0.008629 0.013596
0 0.172954 0.607237 0.009615 0.014474
0 0.174803 0.592982 0.009369 0.014035
0 0.139300 0.581360 0.009369 0.015351
0 0.114892 0.567325 0.011834 0.015351
0 0.098373 0.571930 0.009369 0.012281
0 0.083087 0.577632 0.009862 0.013158
0 0.065459 0.580702 0.009615 0.017544
0 0.052022 0.576974 0.009862 0.016228
0 0.039941 0.582237 0.010355 0.014474
0 0.025518 0.585746 0.009615 0.016228
0 0.012081 0.589474 0.009862 0.015789
0 0.129438 0.564474 0.010355 0.014035
0 0.138807 0.549123 0.009369 0.014912
0 0.162229 0.550439 0.008383 0.012281
0 0.176529 0.548904 0.009369 0.014474
0 0.193171 0.543202 0.009615 0.017105
0 0.215730 0.557895 0.007890 0.014912
0 0.043516 0.553289 0.006657 0.011842
0 0.054734 0.549781 0.006903 0.011842
0 0.070513 0.536404 0.006903 0.011404
0 0.015163 0.554167 0.009122 0.015351
0 0.086662 0.549123 0.006164 0.011404
0 0.096031 0.548246 0.006657 0.011404
0 0.105523 0.543202 0.007396 0.013596
0 0.116864 0.537281 0.009862 0.015789
0 0.164448 0.509211 0.007890 0.011404
0 0.154956 0.502632 0.007150 0.014912
0 0.079512 0.528509 0.006657 0.014035
0 0.092086 0.517544 0.006657 0.013158
0 0.098250 0.529825 0.008136 0.012281
0 0.117234 0.516009 0.009615 0.013596
0 0.128821 0.510088 0.008136 0.012281
0 0.126603 0.496930 0.007643 0.011404
0 0.168516 0.499781 0.007150 0.014474
0 0.144231 0.499781 0.008383 0.014474
0 0.203526 0.498904 0.008629 0.013596
0 0.206731 0.538596 0.009615 0.018421
0 0.258876 0.906360 0.012821 0.023246
0 0.287106 0.930044 0.015039 0.021491
0 0.294009 0.967325 0.013560 0.025000
0 0.370316 0.935088 0.016765 0.031579
0 0.356509 0.985088 0.019724 0.028947
0 0.362303 0.875658 0.015533 0.025877
0 0.284024 0.896053 0.013314 0.023684
0 0.308679 0.887281 0.014793 0.025439
0 0.384369 0.981360 0.012327 0.019737
0 0.409517 0.971711 0.010848 0.023246
0 0.433309 0.963158 0.014546 0.022807
0 0.405449 0.893202 0.015039 0.019737
0 0.383876 0.865132 0.014300 0.028509
0 0.406805 0.857895 0.012327 0.021053
0 0.429734 0.850658 0.014793 0.025877
0 0.250370 0.876974 0.017505 0.025000
0 0.274162 0.873246 0.013314 0.024561
0 0.301036 0.860746 0.013314 0.025877
0 0.323102 0.852632 0.012574 0.023684
0 0.345661 0.843860 0.011834 0.024561
0 0.370439 0.837281 0.013560 0.026316
0 0.394231 0.829167 0.013314 0.025877
0 0.417653 0.825439 0.010848 0.023684
0 0.439719 0.816009 0.011588 0.024123
0 0.238659 0.851974 0.013807 0.025877
0 0.293393 0.834211 0.011341 0.022807
0 0.321746 0.829825 0.010848 0.017544
0 0.349236 0.819518 0.012574 0.019737
0 0.374014 0.810088 0.015286 0.021930
0 0.400148 0.801316 0.015286 0.025439
0 0.425173 0.793860 0.013560 0.021053
0 0.448595 0.785965 0.013560 0.021930
0 0.249384 0.819737 0.011095 0.016667
0 0.275518 0.815351 0.008136 0.009649
0 0.297954 0.807018 0.010602 0.015789
0 0.322732 0.796711 0.010355 0.019737
0 0.346154 0.792325 0.011341 0.014474
0 0.369946 0.785088 0.011095 0.017544
0 0.391519 0.775658 0.011834 0.019737
0 0.409517 0.771711 0.010848 0.019737
0 0.432446 0.765132 0.010355 0.017105
0 0.452170 0.761404 0.011834 0.019298
0 0.250863 0.794079 0.010602 0.020614
0 0.273792 0.786404 0.011095 0.022807
0 0.295735 0.778509 0.010602 0.022807
0 0.318664 0.773246 0.015533 0.021930
0 0.344798 0.763816 0.013067 0.018860
0 0.360454 0.761623 0.011834 0.025000
0 0.380671 0.754167 0.009862 0.020614
0 0.401011 0.751316 0.011588 0.019298
0 0.422091 0.743860 0.012821 0.022807
0 0.441938 0.737939 0.013067 0.019737
0 0.253452 0.773246 0.012327 0.014912
0 0.274655 0.766667 0.009862 0.016667
0 0.296598 0.759430 0.016765 0.019737
0 0.317308 0.753509 0.011834 0.016667
0 0.342456 0.744737 0.011341 0.017544
0 0.238659 0.731360 0.011341 0.019737
0 0.260232 0.725439 0.013560 0.021930
0 0.279586 0.718860 0.015779 0.022807
0 0.302515 0.714693 0.013314 0.025000
0 0.292530 0.735746 0.013067 0.023246
0 0.315952 0.731360 0.012574 0.020614
0 0.337525 0.725439 0.011341 0.017544
0 0.358235 0.721053 0.010355 0.017544
0 0.398176 0.710746 0.008383 0.017982
0 0.415311 0.703509 0.010108 0.020175
0 0.434172 0.700658 0.011341 0.015351
0 0.323102 0.705044 0.012081 0.022368
0 0.345168 0.704167 0.011834 0.017105
0 0.363659 0.696711 0.014300 0.021491
0 0.404093 0.688816 0.012327 0.020614
0 0.419749 0.681360 0.013067 0.020614
0 0.440582 0.679825 0.010848 0.018421
0 0.244946 0.710746 0.011588 0.022368
0 0.233235 0.695395 0.010355 0.017982
0 0.252219 0.692325 0.009862 0.019737
0 0.271450 0.688816 0.012327 0.021491
0 0.265656 0.707018 0.011095 0.019298
0 0.286736 0.698904 0.013807 0.019737
0 0.291667 0.682895 0.010848 0.018421
0 0.306953 0.694518 0.013807 0.019737
0 0.233235 0.676096 0.012821 0.019737
0 0.243097 0.660088 0.011834 0.019298
0 0.253082 0.676316 0.013067 0.016667
0 0.272806 0.668860 0.010108 0.017544
0 0.261958 0.653509 0.009615 0.014912
0 0.310528 0.677632 0.008629 0.016667
0 0.326800 0.687281 0.013560 0.021053
0 0.331731 0.673246 0.012081 0.018421
0 0.312377 0.660088 0.009369 0.021053
0 0.292653 0.666009 0.012327 0.017105
0 0.281805 0.649781 0.010848 0.015351
0 0.270464 0.638596 0.010355 0.013158
0 0.252589 0.626974 0.009615 0.017105
0 0.235454 0.632895 0.009369 0.014912
0 0.237673 0.616009 0.009862 0.017105
0 0.255671 0.612281 0.010355 0.016667
0 0.287722 0.634211 0.009369 0.014912
0 0.285010 0.620395 0.007890 0.014474
0 0.272313 0.610746 0.008629 0.014474
0 0.306090 0.629825 0.009615 0.017544
0 0.323595 0.625439 0.010602 0.017544
0 0.316815 0.647588 0.010848 0.017105
0 0.333580 0.655702 0.009862 0.021930
0 0.348866 0.682018 0.011341 0.022807
0 0.368590 0.677851 0.010848 0.019737
0 0.385725 0.675439 0.010602 0.017544
0 0.405942 0.671930 0.008136 0.014035
0 0.423447 0.667325 0.011095 0.016228
0 0.441938 0.660746 0.011588 0.020614
0 0.352811 0.650439 0.009369 0.015789
0 0.367727 0.650658 0.008136 0.011842
0 0.380301 0.646053 0.008629 0.014035
0 0.392505 0.640789 0.010355 0.014035
0 0.408531 0.636623 0.011834 0.017105
0 0.424310 0.633772 0.008383 0.013158
0 0.443171 0.630482 0.009122 0.016228
0 0.352441 0.636623 0.006657 0.011842
0 0.337032 0.607018 0.009862 0.014035
0 0.288462 0.605044 0.010355 0.012719
0 0.239522 0.534430 0.009615 0.014474
0 0.256164 0.531360 0.008876 0.012719
0 0.248151 0.543860 0.007643 0.011404
0 0.271450 0.527632 0.005917 0.012281
0 0.288462 0.524781 0.008383 0.014474
0 0.266149 0.585746 0.008136 0.012719
0 0.280819 0.582895 0.009369 0.011404
0 0.293516 0.592544 0.009615 0.013158
0 0.314103 0.563816 0.009369 0.014474
0 0.311391 0.588158 0.007890 0.013158
0 0.323102 0.598465 0.008629 0.015351
0 0.330745 0.585088 0.007643 0.012281
0 0.347387 0.582895 0.008876 0.013158
0 0.356386 0.565351 0.007150 0.013158
0 0.317308 0.551974 0.008383 0.011842
0 0.306090 0.531360 0.010108 0.015351
0 0.286736 0.571491 0.009862 0.016667
0 0.219798 0.508991 0.010602 0.014474
0 0.241617 0.498684 0.009369 0.013158
0 0.181213 0.496272 0.009862 0.014474
0 0.319896 0.528070 0.009615 0.013158
0 0.333826 0.526974 0.008876 0.015351
0 0.347510 0.523465 0.007643 0.012719
0 0.359714 0.520614 0.012821 0.017544
0 0.372165 0.519298 0.010602 0.014035
0 0.389177 0.509868 0.010602 0.012719
0 0.403353 0.504386 0.009369 0.014035
0 0.416420 0.504605 0.009862 0.014474
0 0.429241 0.505044 0.009862 0.016228
0 0.441568 0.503289 0.010848 0.016228
0 0.453895 0.502412 0.009862 0.016228
0 0.466593 0.500000 0.011095 0.021053
0 0.479043 0.498246 0.010848 0.017544
0 0.491617 0.496272 0.011834 0.020614
0 0.504068 0.496272 0.008136 0.014474
0 0.514916 0.496272 0.009122 0.010965
0 0.527983 0.493860 0.010602 0.015789
0 0.539078 0.492982 0.008629 0.011404
0 0.550419 0.492325 0.007643 0.012719
0 0.563116 0.490570 0.006903 0.011842
0 0.573718 0.489254 0.008383 0.012719
0 0.584196 0.488596 0.008629 0.013158
0 0.593442 0.486404 0.009369 0.017544
0 0.332347 0.540789 0.007396 0.013158
0 0.347510 0.545614 0.011095 0.015789
0 0.361563 0.545833 0.009122 0.013596
0 0.360454 0.533991 0.010848 0.014474
0 0.329758 0.560965 0.008629 0.014912
0 0.375123 0.541886 0.009122 0.015351
0 0.385232 0.530482 0.007643 0.012719
0 0.373767 0.553947 0.008383 0.015789
0 0.388067 0.548904 0.009862 0.013596
0 0.387574 0.563596 0.011834 0.015789
0 0.401997 0.536623 0.007643 0.010965
0 0.401134 0.548026 0.012327 0.015351
0 0.411982 0.525219 0.010355 0.011842
0 0.415680 0.535746 0.009862 0.012719
0 0.415311 0.546491 0.009122 0.017544
0 0.354906 0.605702 0.009615 0.015789
0 0.371672 0.599781 0.010108 0.016228
0 0.374137 0.617105 0.011095 0.016667
0 0.392875 0.611623 0.011588 0.018860
0 0.408161 0.609211 0.010108 0.016667
0 0.422214 0.603509 0.011588 0.017544
0 0.402120 0.582018 0.010355 0.017544
0 0.412352 0.570614 0.011095 0.021053
0 0.428624 0.566886 0.008136 0.017105
0 0.454019 0.585965 0.009615 0.014912
0 0.450197 0.613158 0.010848 0.021053
0 0.427515 0.524123 0.009862 0.014035
0 0.437500 0.521491 0.010108 0.015789
0 0.441075 0.543860 0.009862 0.016667
0 0.442801 0.566009 0.008876 0.014474
0 0.462278 0.519737 0.006903 0.010526
0 0.468935 0.528509 0.008876 0.018421
0 0.494206 0.523465 0.009615 0.014474
0 0.510725 0.513816 0.008136 0.011842
0 0.519354 0.520614 0.007643 0.017544
0 0.525148 0.530702 0.007890 0.013158
0 0.454019 0.551316 0.009615 0.014035
0 0.463634 0.573026 0.012574 0.014474
0 0.479783 0.547807 0.008383 0.013158
0 0.491864 0.546491 0.010848 0.014912
0 0.478797 0.569518 0.010355 0.014474
0 0.506410 0.563816 0.009369 0.015351
0 0.519231 0.562939 0.008876 0.014474
0 0.531805 0.560526 0.009862 0.013158
0 0.543762 0.569298 0.010108 0.018421
0 0.556829 0.566667 0.009122 0.016667
0 0.571499 0.564912 0.011341 0.014912
0 0.536859 0.529386 0.008136 0.013158
0 0.548200 0.529605 0.009615 0.013596
0 0.563856 0.528728 0.009862 0.017105
0 0.575444 0.525877 0.009862 0.017544
0 0.577663 0.513816 0.007396 0.011842
0 0.588388 0.512939 0.008629 0.014474
0 0.598373 0.520833 0.011341 0.014474
0 0.293886 0.513377 0.010848 0.017105
0 0.307816 0.512500 0.012081 0.017105
0 0.318910 0.517763 0.008629 0.017982
0 0.470537 0.596491 0.008136 0.015789
0 0.484837 0.594518 0.009122 0.016228
0 0.498767 0.589035 0.011834 0.014912
0 0.516149 0.588596 0.010108 0.018421
0 0.529709 0.585746 0.011588 0.014474
0 0.542653 0.584430 0.007890 0.014474
0 0.558432 0.583333 0.008876 0.012281
0 0.572855 0.578509 0.008629 0.015789
0 0.585799 0.574342 0.009369 0.015351
0 0.458210 0.626754 0.012574 0.016667
0 0.451800 0.643202 0.010602 0.013596
0 0.458703 0.658772 0.014053 0.021053
0 0.459813 0.674123 0.014793 0.015789
0 0.478304 0.624342 0.012327 0.017982
0 0.485207 0.640570 0.009862 0.014474
0 0.476085 0.653289 0.011834 0.019737
0 0.477811 0.670175 0.013314 0.021930
0 0.495069 0.664912 0.013807 0.022807
0 0.512451 0.661842 0.016026 0.021053
0 0.529832 0.655921 0.015286 0.022368
0 0.546105 0.651754 0.012821 0.021053
0 0.561760 0.648246 0.014053 0.023684
0 0.579389 0.648246 0.011834 0.021930
0 0.595168 0.646053 0.011341 0.022807
0 0.496179 0.605044 0.011588 0.017105
0 0.494329 0.619518 0.010355 0.017982
0 0.512451 0.613596 0.012081 0.017544
0 0.526257 0.610965 0.010108 0.015789
0 0.541420 0.609868 0.012821 0.015351
0 0.559172 0.607675 0.011834 0.015351
0 0.575567 0.604167 0.008136 0.012719
0 0.589497 0.604167 0.008876 0.012719
0 0.533284 0.629825 0.011834 0.014912
0 0.500000 0.636623 0.008876 0.012719
0 0.517135 0.633772 0.010108 0.011404
0 0.512204 0.646053 0.012574 0.017544
0 0.549556 0.626974 0.012327 0.016228
0 0.563116 0.622149 0.011341 0.017105
0 0.577786 0.621711 0.011588 0.016228
0 0.544009 0.549342 0.007150 0.012719
0 0.557816 0.548246 0.007150 0.014912
0 0.570390 0.546272 0.007643 0.011842
0 0.649162 0.480263 0.006410 0.014035
0 0.658531 0.480702 0.006903 0.015789
0 0.607865 0.519518 0.008629 0.014474
0 0.616248 0.517544 0.009122 0.011404
0 0.619206 0.530263 0.008629 0.014035
0 0.618960 0.559868 0.007643 0.011842
0 0.617850 0.570614 0.008876 0.013158
0 0.617973 0.584649 0.013067 0.015789
0 0.618343 0.625439 0.010355 0.013158
0 0.669502 0.480921 0.008136 0.017105
0 0.679734 0.477412 0.008383 0.013596
0 0.717332 0.476535 0.007150 0.008333
0 0.727934 0.473026 0.008136 0.014474
0 0.738166 0.471491 0.007890 0.011404
0 0.758259 0.469298 0.006657 0.013158
0 0.768491 0.468421 0.008876 0.014035
0 0.779586 0.466886 0.007396 0.014474
0 0.789571 0.468202 0.008629 0.014474
0 0.798817 0.467982 0.007396 0.015789
0 0.807446 0.465351 0.006410 0.011404
0 0.830375 0.478728 0.004931 0.008333
0 0.821746 0.479386 0.007396 0.012281
0 0.683555 0.511842 0.005671 0.012281
0 0.692308 0.511184 0.005917 0.014474
0 0.702293 0.510088 0.006657 0.012281
0 0.714004 0.509211 0.007396 0.010526
0 0.724112 0.507456 0.005424 0.011404
0 0.737303 0.505263 0.008136 0.009649
0 0.758013 0.503070 0.006657 0.011404
0 0.769847 0.503070 0.006657 0.011404
0 0.779339 0.500439 0.007396 0.009649
0 0.798817 0.499342 0.008876 0.011842
0 0.674803 0.530921 0.012821 0.012719
0 0.705868 0.527632 0.008383 0.009649
0 0.719798 0.525877 0.008136 0.011404
0 0.730893 0.525219 0.010108 0.011842
0 0.744329 0.522588 0.008383 0.011842
0 0.755547 0.521272 0.008136 0.012719
0 0.768491 0.520175 0.009369 0.011404
0 0.776874 0.527193 0.006903 0.011404
0 0.791790 0.516447 0.004684 0.009211
0 0.787352 0.526754 0.006657 0.011404
0 0.802761 0.515789 0.007890 0.011404
0 0.799926 0.525000 0.008136 0.011404
0 0.812747 0.512939 0.009122 0.010088
0 0.810897 0.522368 0.010848 0.014912
0 0.822732 0.521711 0.007396 0.011842
0 0.843072 0.511623 0.009615 0.013596
0 0.838018 0.530044 0.010355 0.011842
0 0.850468 0.528070 0.008136 0.013158
0 0.861070 0.525658 0.008136 0.014474
0 0.870932 0.525219 0.008629 0.010965
0 0.663831 0.553728 0.007150 0.012719
0 0.677392 0.552193 0.007643 0.012281
0 0.690582 0.548904 0.008383 0.012719
0 0.695266 0.534868 0.007890 0.012719
0 0.705621 0.544298 0.006903 0.013158
0 0.717332 0.544079 0.009122 0.013596
0 0.730646 0.544737 0.009615 0.014035
0 0.743466 0.542544 0.008629 0.014035
0 0.754561 0.541886 0.009615 0.015351
0 0.768984 0.540132 0.007890 0.011842
0 0.820266 0.542982 0.007890 0.011404
0 0.696992 0.558114 0.009862 0.014474
0 0.682816 0.560746 0.009615 0.016228
0 0.711169 0.556140 0.011095 0.017544
0 0.723496 0.556579 0.011588 0.017544
0 0.736317 0.556140 0.010108 0.014912
0 0.750370 0.553509 0.011588 0.013158
0 0.719798 0.570175 0.009615 0.014035
0 0.757520 0.563158 0.009122 0.014035
0 0.770587 0.560307 0.007643 0.015351
0 0.784887 0.558991 0.008136 0.013596
0 0.796351 0.554605 0.008383 0.010965
0 0.809295 0.554167 0.008629 0.012719
0 0.742727 0.577412 0.008136 0.015351
0 0.704758 0.585746 0.010602 0.017982
0 0.673570 0.589912 0.010848 0.015789
0 0.688240 0.587061 0.008629 0.011842
0 0.662722 0.614474 0.009369 0.013158
0 0.674556 0.612500 0.007890 0.016228
0 0.689349 0.629386 0.010848 0.014912
0 0.704019 0.628509 0.010108 0.013158
0 0.719921 0.625658 0.009862 0.012719
0 0.712894 0.641009 0.009122 0.014474
0 0.728057 0.638377 0.010355 0.015351
0 0.729167 0.656360 0.007150 0.012719
0 0.745809 0.652193 0.009369 0.014912
0 0.743960 0.635746 0.011095 0.014474
0 0.735454 0.621272 0.009862 0.015351
0 0.749507 0.619298 0.010848 0.014912
0 0.762451 0.618860 0.010108 0.012281
0 0.777367 0.614693 0.013314 0.015351
0 0.792530 0.612939 0.011095 0.016228
0 0.806213 0.606579 0.011834 0.014912
0 0.821129 0.605921 0.010108 0.013596
0 0.833210 0.604167 0.011095 0.013596
0 0.849112 0.602632 0.011341 0.015789
0 0.860823 0.600219 0.008629 0.013596
0 0.872658 0.598246 0.009615 0.013158
0 0.684048 0.646930 0.012081 0.014912
0 0.697115 0.646053 0.011588 0.011404
0 0.757027 0.634430 0.012081 0.015351
0 0.791913 0.643202 0.010355 0.013596
0 0.807816 0.640570 0.011095 0.014474
0 0.822239 0.638377 0.010848 0.013596
0 0.835429 0.635526 0.010602 0.011404
0 0.849359 0.632895 0.009862 0.014035
0 0.862549 0.630921 0.010602 0.011842
0 0.665187 0.689474 0.015286 0.011404
0 0.663338 0.633772 0.006164 0.013158
0 0.664571 0.651535 0.010602 0.016228
0 0.667283 0.670833 0.009122 0.017105
0 0.708333 0.679825 0.007890 0.010526
0 0.740508 0.673684 0.007150 0.009649
0 0.758136 0.670833 0.006410 0.009211
0 0.771326 0.666009 0.007150 0.011842
0 0.786366 0.661842 0.006657 0.012281
0 0.748397 0.604605 0.007643 0.012719
0 0.781805 0.570395 0.006903 0.013596
0 0.723003 0.595833 0.009122 0.010088
0 0.701307 0.611623 0.008136 0.010965
0 0.730769 0.605702 0.010355 0.013158
0 0.787352 0.596053 0.010602 0.013158
0 0.766519 0.590351 0.010848 0.012281
0 0.815705 0.593202 0.008136 0.010088
0 0.831114 0.589254 0.010355 0.012719
0 0.854043 0.585307 0.007890 0.011842
0 0.866124 0.583772 0.009369 0.014035
0 0.880178 0.579605 0.009369 0.014474
0 0.815459 0.623026 0.010108 0.015351
0 0.828033 0.620175 0.010602 0.013158
0 0.843688 0.618640 0.012821 0.013596
0 0.857249 0.616228 0.013314 0.011404
0 0.870316 0.614912 0.010355 0.012281
0 0.883506 0.609649 0.010108 0.011404
0 0.489522 0.687500 0.011588 0.019737
0 0.506657 0.683333 0.012821 0.017544
0 0.426529 0.725219 0.011834 0.017105
0 0.445143 0.717982 0.010108 0.018421
0 0.462771 0.716447 0.013314 0.013596
0 0.481632 0.709430 0.013560 0.017982
0 0.499630 0.705044 0.011588 0.016228
0 0.518984 0.696711 0.009862 0.018860
0 0.459936 0.738158 0.013067 0.014912
0 0.501603 0.724342 0.008629 0.016228
0 0.517998 0.720395 0.011834 0.017982
0 0.535873 0.712281 0.016519 0.024561
0 0.472263 0.756798 0.016026 0.018860
0 0.555227 0.706579 0.009862 0.019298
0 0.574211 0.704167 0.014793 0.021491
0 0.590730 0.701754 0.010848 0.019298
0 0.530695 0.739912 0.013560 0.018421
0 0.549186 0.734649 0.013560 0.019298
0 0.568910 0.730702 0.011588 0.016667
0 0.586415 0.725877 0.011588 0.020175
0 0.602318 0.721272 0.014300 0.018860
0 0.616864 0.717105 0.010848 0.021053
0 0.474482 0.780482 0.013067 0.017982
0 0.497658 0.774781 0.013560 0.017105
0 0.524038 0.765132 0.013067 0.025000
0 0.546474 0.759211 0.012081 0.018421
0 0.571006 0.752193 0.013807 0.020175
0 0.599359 0.746272 0.013807 0.020614
0 0.461785 0.812939 0.012327 0.021491
0 0.480893 0.806579 0.012574 0.021053
0 0.503945 0.799781 0.016765 0.021491
0 0.527120 0.792325 0.013314 0.019737
0 0.546351 0.783772 0.017258 0.027193
0 0.566075 0.778728 0.014300 0.020614
0 0.585922 0.775877 0.009122 0.017544
0 0.616371 0.764254 0.012821 0.025000
0 0.458333 0.843202 0.013807 0.022368
0 0.499507 0.825219 0.015286 0.029386
0 0.521696 0.823684 0.010355 0.026316
0 0.542160 0.814912 0.015779 0.024561
0 0.563363 0.806579 0.011834 0.021053
0 0.584196 0.801535 0.012574 0.020614
0 0.616617 0.795175 0.011834 0.027193
0 0.429857 0.884430 0.013067 0.020614
0 0.454019 0.877193 0.013560 0.020175
0 0.479906 0.868860 0.015533 0.025439
0 0.525025 0.855263 0.015533 0.024561
0 0.549556 0.844518 0.016272 0.026754
0 0.569527 0.842105 0.013314 0.027193
0 0.593935 0.831798 0.013807 0.025000
0 0.614398 0.824123 0.016272 0.022807
0 0.398792 0.933991 0.017012 0.019737
0 0.463881 0.908772 0.012081 0.020175
0 0.489275 0.897588 0.014546 0.021491
0 0.553994 0.876974 0.014300 0.025877
0 0.577663 0.868421 0.016765 0.024561
0 0.598003 0.861184 0.015533 0.023246
0 0.615385 0.858333 0.014793 0.028070
0 0.453402 0.956798 0.013807 0.022368
0 0.477318 0.946272 0.012821 0.020614
0 0.501479 0.936623 0.013314 0.020614
0 0.526011 0.920395 0.016519 0.030263
0 0.549556 0.916228 0.019724 0.032456
0 0.568664 0.907237 0.016519 0.030263
0 0.590976 0.900219 0.021203 0.032895
0 0.612549 0.893640 0.016026 0.029386
0 0.613536 0.932018 0.017998 0.032456
0 0.588264 0.944737 0.019231 0.031579
0 0.563733 0.948684 0.015533 0.021930
0 0.539571 0.957675 0.018491 0.027632
0 0.514423 0.964035 0.015533 0.027193
0 0.489892 0.974561 0.020217 0.032456
0 0.462278 0.984868 0.015779 0.029386
0 0.438979 0.989035 0.016026 0.021930
0 0.613412 0.978947 0.016765 0.031579
0 0.668762 0.709430 0.009122 0.019737
0 0.684295 0.704825 0.009122 0.016667
0 0.708826 0.699781 0.009862 0.016228
0 0.724359 0.694518 0.011341 0.020614
0 0.741741 0.692982 0.012081 0.014035
0 0.759739 0.688158 0.010108 0.014035
0 0.776504 0.685746 0.012081 0.016228
0 0.790557 0.681140 0.009122 0.011404
0 0.807322 0.676535 0.011588 0.017105
0 0.822239 0.670833 0.008383 0.012719
0 0.839250 0.669737 0.010355 0.014912
0 0.852194 0.668421 0.008629 0.014912
0 0.866494 0.664474 0.012574 0.015789
0 0.879808 0.662281 0.010108 0.013158
0 0.896820 0.657237 0.012081 0.017105
0 0.670981 0.732675 0.009615 0.018860
0 0.672707 0.756798 0.014053 0.023246
0 0.675542 0.788158 0.012327 0.019298
0 0.677638 0.811184 0.013560 0.020614
0 0.678871 0.837719 0.011095 0.021053
0 0.684418 0.905044 0.016272 0.036404
0 0.686021 0.953070 0.014053 0.019298
0 0.701060 0.749123 0.010602 0.015789
0 0.686637 0.727632 0.010848 0.019298
0 0.705868 0.722807 0.009862 0.015789
0 0.718935 0.742544 0.011834 0.021930
0 0.736933 0.736184 0.010848 0.017982
0 0.755671 0.733553 0.012821 0.017982
0 0.753082 0.708114 0.015039 0.022368
0 0.775025 0.705482 0.011588 0.017982
0 0.790311 0.703070 0.012574 0.019298
0 0.807076 0.696930 0.013067 0.020175
0 0.823595 0.692105 0.013067 0.020175
0 0.841839 0.687719 0.013067 0.017544
0 0.860454 0.685307 0.011834 0.016228
0 0.874384 0.680482 0.011095 0.018860
0 0.892135 0.675439 0.013560 0.019298
0 0.908777 0.674123 0.015286 0.018421
0 0.922954 0.670614 0.012574 0.022807
0 0.938363 0.667544 0.008876 0.016667
0 0.953895 0.660526 0.011341 0.021053
0 0.773915 0.729825 0.011834 0.014912
0 0.791297 0.728289 0.012574 0.016228
0 0.806090 0.721491 0.009615 0.019298
0 0.823964 0.719737 0.010355 0.016667
0 0.841716 0.714035 0.013314 0.018421
0 0.856139 0.707675 0.011095 0.020614
0 0.872041 0.707018 0.012821 0.017544
0 0.887821 0.700000 0.009862 0.015789
0 0.914694 0.693640 0.010848 0.016228
0 0.931090 0.687939 0.009615 0.015351
0 0.943910 0.685307 0.011095 0.016228
0 0.744206 0.766667 0.009122 0.015789
0 0.761711 0.759868 0.009615 0.014474
0 0.781435 0.756140 0.014546 0.014912
0 0.798077 0.748904 0.010848 0.015351
0 0.829142 0.740132 0.012821 0.015351
0 0.846400 0.734430 0.010848 0.013596
0 0.862426 0.728947 0.013807 0.013158
0 0.880917 0.725877 0.009369 0.015789
0 0.898422 0.719298 0.011341 0.015789
0 0.912968 0.716009 0.011341 0.016228
0 0.928501 0.708991 0.011341 0.015351
0 0.942924 0.703947 0.011095 0.017544
0 0.902490 0.745833 0.010108 0.016228
0 0.945143 0.730263 0.012081 0.021930
0 0.960059 0.727851 0.013314 0.023246
0 0.698841 0.869079 0.014053 0.026754
0 0.718195 0.862500 0.013807 0.026754
0 0.735947 0.857895 0.013807 0.029825
0 0.776011 0.844956 0.013067 0.022368
0 0.755424 0.852632 0.010355 0.019298
0 0.847880 0.820395 0.013807 0.016228
0 0.880794 0.807237 0.013067 0.026754
0 0.933185 0.796272 0.010848 0.019737
0 0.963264 0.782895 0.012821 0.022807
0 0.955991 0.814254 0.018491 0.025877
0 0.918516 0.830263 0.011095 0.020175
0 0.900888 0.773026 0.009369 0.018860
0 0.702046 0.903728 0.016026 0.025000
0 0.711169 0.942105 0.014546 0.026316
0 0.734714 0.939254 0.016272 0.025877
0 0.860330 0.893640 0.013560 0.023246
0 0.879191 0.884649 0.014793 0.021930
0 0.913831 0.867982 0.014546 0.028070
0 0.929364 0.860307 0.017998 0.025000
0 0.812747 0.865570 0.013560 0.025877
0 0.956731 0.983333 0.016519 0.033333
0 0.978797 0.976754 0.016272 0.028070
0 0.993590 0.919079 0.012821 0.024123
0 0.990631 0.766667 0.010848 0.022807
0 0.937993 0.760526 0.010602 0.021053
0 0.955375 0.756360 0.010355 0.017105
0 0.971031 0.750439 0.010108 0.016667
0 0.984591 0.744956 0.008629 0.017982
0 0.972633 0.724781 0.010355 0.017982
0 0.987549 0.719298 0.011095 0.019298
0 0.957717 0.703289 0.010602 0.017105
0 0.972017 0.698246 0.009122 0.019298
0 0.986563 0.693860 0.009122 0.019298
0 0.961415 0.682237 0.010602 0.016228
0 0.973126 0.676535 0.012327 0.021491
0 0.986686 0.674123 0.011834 0.019298
0 0.903723 0.637281 0.008629 0.013158
0 0.916174 0.633553 0.010355 0.017105
0 0.929734 0.632237 0.011834 0.017982
0 0.955621 0.625877 0.012821 0.017544
0 0.727811 0.444298 0.006410 0.014035
0 0.765409 0.443421 0.006164 0.009649
0 0.774901 0.441886 0.007396 0.012719
0 0.859344 0.494518 0.006657 0.010965
0 0.875986 0.505702 0.006903 0.013158
0 0.907051 0.532895 0.008383 0.010526
0 0.918886 0.530044 0.006410 0.010965
0 0.928748 0.529386 0.006410 0.012281
0 0.966223 0.536184 0.005917 0.012719
0 0.973866 0.536404 0.006410 0.013158
0 0.984961 0.536404 0.005917 0.013158
0 0.993960 0.535526 0.007150 0.014035
0 0.898299 0.605482 0.009615 0.017982
0 0.911489 0.603509 0.009862 0.021053
0 0.923077 0.600219 0.010848 0.017105
0 0.935281 0.596272 0.009615 0.017105
0 0.945759 0.596053 0.010355 0.016667
0 0.957224 0.594737 0.009615 0.015789
0 0.969551 0.592105 0.010602 0.015789
0 0.982988 0.592544 0.009862 0.016667
0 0.918393 0.573026 0.008876 0.016228
0 0.831854 0.561623 0.006410 0.014474
0 0.839620 0.561404 0.008136 0.014035
0 0.859961 0.550219 0.007890 0.011842
0 0.885355 0.513596 0.006410 0.013158
0 0.747904 0.488816 0.008136 0.010088
0 0.743466 0.437500 0.006657 0.011842
0 0.750616 0.449123 0.004684 0.008772
0 0.742480 0.450219 0.006164 0.009211
0 0.817061 0.421711 0.004931 0.007456
0 0.824334 0.413377 0.005178 0.007456
0 0.829882 0.411623 0.003945 0.007456
0 0.837771 0.411184 0.002959 0.006579
0 0.846031 0.410307 0.004684 0.007456
0 0.854413 0.409211 0.003698 0.007018
0 0.916913 0.451754 0.005917 0.007018
0 0.910380 0.459868 0.005671 0.010088
0 0.923570 0.464474 0.005424 0.007018
0 0.927638 0.458553 0.005178 0.006579
