0 0.114892 0.961623 0.136095 0.076754
0 0.176529 0.665570 0.117850 0.194298
0 0.220537 0.396711 0.096400 0.171491
0 0.275271 0.211842 0.094428 0.107018
0 0.308925 0.055482 0.061144 0.095175
0 0.030079 0.435526 0.059665 0.185088
0 0.073225 0.228947 0.099606 0.133333
0 0.125616 0.085965 0.078156 0.099123
0 0.473496 0.719956 0.130917 0.215351
0 0.468688 0.445395 0.082347 0.127632
0 0.486933 0.251754 0.078402 0.133333
0 0.494453 0.098246 0.082594 0.108772
0 0.777983 0.718202 0.143738 0.203947
0 0.734961 0.435965 0.098619 0.154386
0 0.699704 0.248904 0.072978 0.112719
0 0.674556 0.072588 0.063116 0.106579
0 0.951183 0.344298 0.080375 0.150877
0 0.886218 0.148904 0.051529 0.083772
0 0.847633 0.031798 0.060158 0.062719
