0 0.936637 0.961623 0.079389 0.076754
0 0.910873 0.742982 0.100838 0.165789
0 0.871672 0.557018 0.076183 0.118421
0 0.839497 0.404386 0.061144 0.095614
0 0.818171 0.277632 0.054487 0.085965
0 0.803624 0.171711 0.053501 0.091667
0 0.786612 0.081140 0.047091 0.078070
0 0.770957 0.018421 0.054734 0.035965
0 0.985947 0.425439 0.028107 0.133333
0 0.965483 0.270833 0.066568 0.103070
0 0.934911 0.153728 0.073964 0.112719
0 0.906065 0.062939 0.063116 0.095175
0 0.708333 0.964474 0.092209 0.071053
0 0.709936 0.742982 0.090976 0.165789
0 0.688979 0.528509 0.075197 0.121930
0 0.675666 0.375658 0.071746 0.125877
0 0.667530 0.246053 0.053501 0.107018
0 0.663708 0.117325 0.054734 0.104825
0 0.658900 0.030702 0.051529 0.057018
0 0.491741 0.950000 0.088018 0.100000
0 0.517998 0.736184 0.084813 0.148684
0 0.526627 0.529386 0.078402 0.131579
0 0.529339 0.376754 0.074951 0.139474
0 0.535133 0.247149 0.054487 0.124123
0 0.542653 0.119298 0.067554 0.112281
0 0.274778 0.918202 0.089004 0.158333
0 0.299433 0.719956 0.095414 0.173246
0 0.336908 0.536842 0.084566 0.154386
0 0.361440 0.383553 0.056706 0.114474
0 0.378698 0.244079 0.050296 0.072368
0 0.401750 0.140351 0.057939 0.089474
0 0.410256 0.049561 0.051282 0.076316
0 0.125123 0.617982 0.100838 0.144737
0 0.178131 0.455921 0.069773 0.103070
0 0.253698 0.202193 0.055720 0.079825
0 0.290187 0.090789 0.053748 0.089474
0 0.067184 0.316667 0.057939 0.107018
0 0.110700 0.180263 0.056706 0.112281
0 0.169132 0.077412 0.044872 0.078509
0 0.063979 0.085965 0.038708 0.068421
0 0.026257 0.179386 0.052022 0.107018
