0 0.907175 0.826754 0.078156 0.154386
0 0.842825 0.442544 0.071746 0.114035
0 0.982249 0.351974 0.035503 0.108333
0 0.960676 0.226096 0.071746 0.108333
0 0.929610 0.120175 0.078156 0.118421
0 0.899162 0.034430 0.068540 0.064474
0 0.820883 0.308114 0.057939 0.082018
0 0.809541 0.178509 0.069773 0.108772
0 0.788708 0.085965 0.053748 0.076316
0 0.770464 0.019298 0.049310 0.037719
0 0.696992 0.927851 0.091223 0.143421
0 0.681953 0.680921 0.073964 0.117982
0 0.673447 0.465351 0.065335 0.095614
0 0.663708 0.303289 0.067554 0.091667
0 0.662106 0.174781 0.070759 0.104825
0 0.648792 0.068860 0.056953 0.087719
0 0.470291 0.891667 0.066321 0.120175
0 0.493960 0.602632 0.057939 0.118421
0 0.502465 0.433991 0.066568 0.116228
0 0.519107 0.286184 0.065335 0.099561
0 0.528230 0.175439 0.057939 0.087719
0 0.535133 0.079386 0.058925 0.085965
0 0.243590 0.946930 0.073964 0.097368
0 0.241371 0.756360 0.097633 0.135526
0 0.308432 0.575000 0.081361 0.100877
0 0.335799 0.396711 0.065582 0.114474
0 0.364152 0.243202 0.062130 0.085526
0 0.375986 0.150658 0.057692 0.103070
0 0.393121 0.067982 0.057939 0.097368
0 0.026997 0.934430 0.046105 0.114474
0 0.071499 0.732456 0.092209 0.152632
0 0.129931 0.535965 0.073964 0.121930
0 0.192184 0.340570 0.069773 0.093421
0 0.252712 0.109649 0.066568 0.120175
0 0.044255 0.266009 0.052515 0.104825
0 0.090237 0.162281 0.048323 0.087719
0 0.046844 0.043202 0.049310 0.070614
